1.000105395999999924e+00,2.064999999999999947e+00
2.000280948000000336e+00,2.450000000000000178e+00
3.000422711000000131e+00,2.474999999999999645e+00
4.000555026999999875e+00,2.530000000000000249e+00
5.000665205999999863e+00,2.455000000000000071e+00
6.000782774000000153e+00,2.464999999999999858e+00
7.000903512000000717e+00,2.500000000000000000e+00
8.001042992000000353e+00,2.500000000000000000e+00
9.001158502000000894e+00,2.365000000000000213e+00
1.000127421000000005e+01,2.280000000000000249e+00
1.100139122200000052e+01,2.290000000000000036e+00
1.200151310000000038e+01,2.339999999999999858e+00
1.300162545400000091e+01,2.294999999999999929e+00
1.400178479000000031e+01,2.310000000000000053e+00
1.500192648900000059e+01,2.349999999999999645e+00
1.600203353699999909e+01,2.345000000000000195e+00
1.700217310800000092e+01,2.344999999999999751e+00
1.800228573700000112e+01,2.339999999999999858e+00
1.900242399800000115e+01,2.370000000000000107e+00
2.000256583000000177e+01,2.354999999999999982e+00
2.100271092799999906e+01,2.384999999999999787e+00
2.200285222300000143e+01,2.319999999999999840e+00
2.300300183899999951e+01,2.375000000000000000e+00
2.400314323999999999e+01,2.379999999999999893e+00
2.500328845699999647e+01,2.354999999999999982e+00
2.600343607199999951e+01,2.375000000000000000e+00
2.700357530900000214e+01,2.370000000000000107e+00
2.800371626800000158e+01,2.354999999999999982e+00
2.900385511900000068e+01,2.419999999999999929e+00
3.000400594599999948e+01,2.339999999999999858e+00
3.100416652999999911e+01,2.375000000000000000e+00
3.200431054599999925e+01,2.384999999999999787e+00
3.300444986300000494e+01,2.384999999999999787e+00
3.400459327200000104e+01,2.344999999999999751e+00
3.500472438300000277e+01,2.194999999999999840e+00
3.600484362299999930e+01,2.209999999999999964e+00
3.700500285599999728e+01,2.179999999999999716e+00
3.800511388500000010e+01,2.240000000000000213e+00
3.900523822199999557e+01,2.165000000000000036e+00
4.000539363899999756e+01,2.259999999999999787e+00
4.100555207300000404e+01,2.169999999999999929e+00
4.200570507500000161e+01,2.240000000000000213e+00
4.300585808000000299e+01,2.184999999999999609e+00
4.400601015100000524e+01,2.250000000000000000e+00
4.500617755300000056e+01,2.205000000000000071e+00
4.600628951600000249e+01,2.254999999999999893e+00
4.700643847199999925e+01,2.185000000000000053e+00
4.800658627699999670e+01,2.235000000000000320e+00
4.900673723699999584e+01,2.224999999999999645e+00
5.000688878500000101e+01,2.235000000000000320e+00
5.100704314899999758e+01,2.209999999999999964e+00
5.200719798800000149e+01,2.254999999999999893e+00
5.300735923399999905e+01,2.189999999999999947e+00
5.400750961399999284e+01,2.259999999999999787e+00
5.500764723100000708e+01,2.179999999999999716e+00
5.600779273100000211e+01,2.259999999999999787e+00
5.700786997100000519e+01,2.200000000000000178e+00
5.800799447100000350e+01,2.235000000000000320e+00
5.900812070399999953e+01,2.219999999999999751e+00
6.000825098899999688e+01,2.250000000000000000e+00
6.100838888500000223e+01,2.229999999999999982e+00
6.200851012800000461e+01,2.275000000000000355e+00
6.300862941399999784e+01,2.189999999999999947e+00
6.400874993499999732e+01,2.275000000000000355e+00
6.500887574099999711e+01,2.200000000000000178e+00
6.600900384899999551e+01,2.254999999999999893e+00
6.700912981300000126e+01,2.214999999999999858e+00
6.800928664399999946e+01,2.274999999999999911e+00
6.900943594100000666e+01,2.214999999999999858e+00
7.000958565800000599e+01,2.235000000000000320e+00
7.100974259999999560e+01,2.250000000000000000e+00
7.200989482199999259e+01,2.254999999999999893e+00
7.301004646500000206e+01,2.234999999999999876e+00
7.401019219100000157e+01,2.259999999999999787e+00
7.501030820300000812e+01,2.224999999999999645e+00
7.601044631100000970e+01,2.280000000000000249e+00
7.701057034100000465e+01,2.200000000000000178e+00
7.801069078599999784e+01,2.275000000000000355e+00
7.901080894499999374e+01,2.189999999999999947e+00
8.001093327899999963e+01,2.285000000000000142e+00
8.101107345399999815e+01,2.194999999999999840e+00
8.201122463899999104e+01,2.265000000000000124e+00
8.301134944899999368e+01,2.205000000000000071e+00
8.401147441300000196e+01,2.254999999999999893e+00
8.501158538500000361e+01,2.214999999999999858e+00
8.601172697799999867e+01,2.265000000000000124e+00
8.701183821299999011e+01,2.224999999999999645e+00
8.801199129399999777e+01,2.254999999999999893e+00
8.901215226700000471e+01,2.225000000000000089e+00
9.001230078000000390e+01,2.259999999999999787e+00
9.101244961100000808e+01,2.200000000000000178e+00
9.201261357799998564e+01,2.265000000000000124e+00
9.301276895700000580e+01,2.225000000000000089e+00
9.401293943899999306e+01,2.245000000000000107e+00
9.501309419599999728e+01,2.240000000000000213e+00
9.601325015000000462e+01,2.229999999999999982e+00
9.701339988600000197e+01,2.240000000000000213e+00
9.801355863799999213e+01,2.209999999999999964e+00
9.901372134499999333e+01,2.280000000000000249e+00
1.000138788079999870e+02,2.214999999999999858e+00
1.010140394370000081e+02,2.265000000000000124e+00
1.020141759560000025e+02,2.224999999999999645e+00
1.030142471129999961e+02,2.240000000000000213e+00
1.040143788860000029e+02,2.250000000000000000e+00
1.050144991079999954e+02,2.185000000000000053e+00
1.060146282320000068e+02,2.280000000000000249e+00
1.070147452979999940e+02,2.200000000000000178e+00
1.080148994210000097e+02,2.254999999999999893e+00
1.090150472570000062e+02,2.225000000000000089e+00
1.100151990220000044e+02,2.229999999999999982e+00
1.110153621779999895e+02,2.214999999999999858e+00
1.120155121520000137e+02,2.219999999999999751e+00
1.130156752239999918e+02,2.214999999999999858e+00
1.140158269439999970e+02,2.225000000000000089e+00
1.150159745020000059e+02,2.200000000000000178e+00
1.160161253240000008e+02,2.225000000000000089e+00
1.170162825879999957e+02,2.224999999999999645e+00
1.180164430610000039e+02,2.240000000000000213e+00
1.190165964440000010e+02,2.219999999999999751e+00
1.200167541160000013e+02,2.229999999999999982e+00
1.210169085989999900e+02,2.205000000000000071e+00
1.220170745220000015e+02,2.224999999999999645e+00
1.230172347609999974e+02,2.219999999999999751e+00
1.240173674479999875e+02,2.220000000000000195e+00
1.250174950489999901e+02,2.224999999999999645e+00
1.260176193170000118e+02,2.205000000000000071e+00
1.270177406840000032e+02,2.240000000000000213e+00
1.280178600239999867e+02,2.200000000000000178e+00
1.290179830029999835e+02,2.209999999999999964e+00
1.300181348729999797e+02,2.219999999999999751e+00
1.310182505020000008e+02,2.200000000000000178e+00
1.320183677269999976e+02,2.209999999999999964e+00
1.330184875999999861e+02,2.189999999999999947e+00
1.340186165070000186e+02,2.205000000000000071e+00
1.350187753740000005e+02,2.240000000000000213e+00
1.360189356850000024e+02,2.165000000000000036e+00
1.370190894469999989e+02,2.209999999999999964e+00
1.380192414370000051e+02,2.149999999999999911e+00
1.390193986510000173e+02,2.250000000000000000e+00
1.400195603600000140e+02,2.160000000000000142e+00
1.410197169850000023e+02,2.235000000000000320e+00
1.420198696989999974e+02,2.195000000000000284e+00
1.430200307789999954e+02,2.205000000000000071e+00
1.440201797020000072e+02,2.195000000000000284e+00
1.450203309739999895e+02,2.219999999999999751e+00
1.460204849440000032e+02,2.174999999999999822e+00
1.470205978600000094e+02,2.195000000000000284e+00
1.480207080550000001e+02,2.179999999999999716e+00
1.490208202870000207e+02,2.194999999999999840e+00
1.500209335320000150e+02,2.209999999999999964e+00
1.510210969299999988e+02,2.185000000000000053e+00
1.520212507349999953e+02,2.209999999999999964e+00
1.530213910770000041e+02,2.160000000000000142e+00
1.540215482020000195e+02,2.224999999999999645e+00
1.550217002420000085e+02,2.155000000000000249e+00
1.560218530230000056e+02,2.205000000000000071e+00
1.570220121819999974e+02,2.160000000000000142e+00
1.580221798809999996e+02,2.194999999999999840e+00
1.590222940440000059e+02,2.125000000000000000e+00
1.600224472010000056e+02,2.209999999999999964e+00
1.610225960390000068e+02,2.149999999999999911e+00
1.620227455129999896e+02,2.169999999999999929e+00
1.630228989039999874e+02,2.179999999999999716e+00
1.640230560079999975e+02,2.169999999999999929e+00
1.650232085210000150e+02,2.219999999999999751e+00
1.660233662400000014e+02,2.134999999999999787e+00
1.670235251569999946e+02,2.219999999999999751e+00
1.680236784310000075e+02,2.169999999999999929e+00
1.690238402720000011e+02,2.189999999999999947e+00
1.700239752040000099e+02,2.145000000000000018e+00
1.710241332079999950e+02,2.205000000000000071e+00
1.720242560429999799e+02,2.094999999999999751e+00
1.730243766469999969e+02,2.209999999999999964e+00
1.740245032450000053e+02,2.104999999999999982e+00
1.750246249420000026e+02,2.189999999999999947e+00
1.760247466779999854e+02,2.155000000000000249e+00
1.770248995509999759e+02,2.145000000000000018e+00
1.780250488090000260e+02,2.205000000000000071e+00
1.790252060940000263e+02,2.125000000000000000e+00
1.800253646019999962e+02,2.209999999999999964e+00
1.810255279900000005e+02,2.145000000000000018e+00
1.820257260230000043e+02,2.184999999999999609e+00
1.830258892170000138e+02,2.094999999999999751e+00
1.840260376240000255e+02,2.184999999999999609e+00
1.850261793559999717e+02,2.080000000000000071e+00
1.860262890879999986e+02,2.189999999999999947e+00
1.870264373640000031e+02,2.125000000000000000e+00
1.880265837129999795e+02,2.155000000000000249e+00
1.890267409440000108e+02,2.174999999999999822e+00
1.900269023609999977e+02,2.120000000000000107e+00
1.910270575209999890e+02,2.195000000000000284e+00
1.920272195599999918e+02,2.115000000000000213e+00
1.930273321530000032e+02,2.174999999999999822e+00
1.940274161159999835e+02,2.084999999999999964e+00
1.950275359599999945e+02,2.179999999999999716e+00
1.960276590050000038e+02,2.075000000000000178e+00
1.970277783309999791e+02,2.169999999999999929e+00
1.980279011629999957e+02,2.104999999999999982e+00
1.990280150509999828e+02,2.134999999999999787e+00
2.000281628220000130e+02,2.145000000000000018e+00
2.010283171020000168e+02,2.145000000000000018e+00
2.020284746529999893e+02,2.160000000000000142e+00
2.030286320090000061e+02,2.094999999999999751e+00
2.040287867350000113e+02,2.189999999999999947e+00
2.050289458959999820e+02,2.080000000000000071e+00
2.060291206470000134e+02,2.160000000000000142e+00
2.070292656279999903e+02,2.089999999999999858e+00
2.080294256349999955e+02,2.140000000000000124e+00
2.090295376579999811e+02,2.104999999999999982e+00
2.100296844329999999e+02,2.145000000000000018e+00
2.110298355420000007e+02,2.120000000000000107e+00
2.120299966859999756e+02,2.140000000000000124e+00
2.130301419150000015e+02,2.155000000000000249e+00
2.140302439620000143e+02,2.054999999999999716e+00
2.150303994230000058e+02,2.155000000000000249e+00
2.160305145670000115e+02,2.109999999999999876e+00
2.170306336859999874e+02,2.134999999999999787e+00
2.180307390809999788e+02,2.104999999999999982e+00
2.190308612899999900e+02,2.129999999999999893e+00
2.200309880620000058e+02,2.099999999999999645e+00
2.210311142200000063e+02,2.120000000000000107e+00
2.220312340859999836e+02,2.129999999999999893e+00
2.230313572379999982e+02,2.064999999999999947e+00
2.240314778140000271e+02,2.140000000000000124e+00
2.250315977429999919e+02,2.115000000000000213e+00
2.260317246359999785e+02,2.115000000000000213e+00
2.270318482440000025e+02,2.155000000000000249e+00
2.280319674529999929e+02,2.120000000000000107e+00
2.290320884959999717e+02,2.104999999999999982e+00
2.300322102129999848e+02,2.129999999999999893e+00
2.310323312659999715e+02,2.110000000000000320e+00
2.320324540709999894e+02,2.095000000000000195e+00
2.330325741400000084e+02,2.125000000000000000e+00
2.340326997359999837e+02,2.120000000000000107e+00
2.350328246509999985e+02,2.134999999999999787e+00
2.360329791409999984e+02,2.134999999999999787e+00
2.370331358679999880e+02,2.120000000000000107e+00
2.380332935020000207e+02,2.134999999999999787e+00
2.390334492869999963e+02,2.174999999999999822e+00
2.400335472490000086e+02,2.099999999999999645e+00
2.410336768029999917e+02,2.120000000000000107e+00
2.420338237320000019e+02,2.129999999999999893e+00
2.430339754430000028e+02,2.140000000000000124e+00
2.440341440909999733e+02,2.155000000000000249e+00
2.450342562600000065e+02,2.140000000000000124e+00
2.460343704640000055e+02,2.184999999999999609e+00
2.470345256990000280e+02,2.160000000000000142e+00
2.480346737090000033e+02,2.179999999999999716e+00
2.490348260600000003e+02,2.155000000000000249e+00
2.500349453820000178e+02,2.165000000000000036e+00
2.510350938400000018e+02,2.160000000000000142e+00
2.520352542530000051e+02,2.129999999999999893e+00
2.530354137649999871e+02,2.139999999999999680e+00
2.540355379330000005e+02,2.174999999999999822e+00
2.550356937130000006e+02,2.165000000000000036e+00
2.560358566300000120e+02,2.185000000000000053e+00
2.570360155719999966e+02,2.169999999999999929e+00
2.580361626549999983e+02,2.214999999999999858e+00
2.590363144649999754e+02,2.209999999999999964e+00
2.600364653469999894e+02,2.200000000000000178e+00
2.610366182640000261e+02,2.184999999999999609e+00
2.620367756310000118e+02,2.209999999999999964e+00
2.630368870600000264e+02,2.155000000000000249e+00
2.640370192650000263e+02,2.200000000000000178e+00
2.650371431840000014e+02,2.189999999999999947e+00
2.660372548059999644e+02,2.174999999999999822e+00
2.670373623540000381e+02,2.219999999999999751e+00
2.680374873629999684e+02,2.179999999999999716e+00
2.690376349109999978e+02,2.240000000000000213e+00
2.700377896730000202e+02,2.200000000000000178e+00
2.710379403040000170e+02,2.250000000000000000e+00
2.720381050740000433e+02,2.200000000000000178e+00
2.730382305310000106e+02,2.235000000000000320e+00
2.740383497849999799e+02,2.200000000000000178e+00
2.750384946529999866e+02,2.240000000000000213e+00
2.760386544369999910e+02,2.219999999999999751e+00
2.770387656739999898e+02,2.224999999999999645e+00
2.780389159959999574e+02,2.200000000000000178e+00
2.790390608850000262e+02,2.245000000000000107e+00
2.800392141640000432e+02,2.225000000000000089e+00
2.810393681190000166e+02,2.220000000000000195e+00
2.820394997939999939e+02,2.250000000000000000e+00
2.830396343770000271e+02,2.209999999999999964e+00
2.840397798459999876e+02,2.270000000000000018e+00
2.850399141139999983e+02,2.205000000000000071e+00
2.860400448930000152e+02,2.254999999999999893e+00
2.870401711590000104e+02,2.230000000000000426e+00
2.880402973569999858e+02,2.250000000000000000e+00
2.890404190929999686e+02,2.254999999999999893e+00
2.900405377729999827e+02,2.250000000000000000e+00
2.910406620919999909e+02,2.219999999999999751e+00
2.920407838909999896e+02,2.250000000000000000e+00
2.930409053459999882e+02,2.234999999999999876e+00
2.940410287479999738e+02,2.259999999999999787e+00
2.950411489509999683e+02,2.275000000000000355e+00
2.960412688040000262e+02,2.264999999999999680e+00
2.970413925709999603e+02,2.275000000000000355e+00
2.980415160850000120e+02,2.259999999999999787e+00
2.990416412490000084e+02,2.270000000000000018e+00
3.000417651640000258e+02,2.265000000000000124e+00
3.010418864810000059e+02,2.265000000000000124e+00
3.020420278340000095e+02,2.270000000000000018e+00
3.030421439130000181e+02,2.290000000000000036e+00
3.040422622649999767e+02,2.270000000000000018e+00
3.050423839900000189e+02,2.294999999999999929e+00
3.060425122780000038e+02,2.250000000000000000e+00
3.070426360590000172e+02,2.285000000000000142e+00
3.080427618720000282e+02,2.250000000000000000e+00
3.090428840989999912e+02,2.290000000000000036e+00
3.098118558419999999e+02,1.944999999999999840e+00
