1.000115284000000049e+00,2.094999999999999751e+00
2.000303548999999848e+00,2.214999999999999858e+00
3.000450910000000082e+00,2.049999999999999822e+00
4.000597629999999683e+00,2.290000000000000036e+00
5.000742511000000334e+00,2.040000000000000036e+00
6.000863542999999467e+00,2.250000000000000000e+00
7.000973673999999924e+00,2.205000000000000071e+00
8.001091661000000244e+00,2.155000000000000249e+00
9.001198956999999723e+00,2.115000000000000213e+00
1.000134467500000035e+01,2.109999999999999876e+00
1.100149415499999961e+01,2.330000000000000071e+00
1.200163905299999989e+01,2.064999999999999947e+00
1.300173412400000039e+01,2.209999999999999964e+00
1.400184028700000027e+01,2.049999999999999822e+00
1.500197628799999983e+01,2.290000000000000036e+00
1.600212130699999946e+01,2.044999999999999929e+00
1.700226838200000046e+01,2.245000000000000107e+00
1.800241191599999979e+01,2.200000000000000178e+00
1.900255282299999848e+01,2.160000000000000142e+00
2.000269525400000248e+01,2.115000000000000213e+00
2.100284108199999977e+01,2.104999999999999982e+00
2.200295616900000084e+01,2.319999999999999840e+00
2.300306764699999817e+01,2.070000000000000284e+00
2.400320084900000239e+01,2.214999999999999858e+00
2.500334364000000065e+01,2.049999999999999822e+00
2.600349161699999812e+01,2.290000000000000036e+00
2.700362653300000204e+01,2.049999999999999822e+00
2.800377111300000266e+01,2.254999999999999893e+00
2.900392135999999965e+01,2.214999999999999858e+00
3.000403790000000015e+01,2.149999999999999911e+00
3.100414573400000151e+01,2.125000000000000000e+00
3.200423780399999885e+01,2.104999999999999982e+00
3.300435566000000165e+01,2.339999999999999858e+00
3.400448917300000318e+01,2.070000000000000284e+00
3.500464126600000014e+01,2.209999999999999964e+00
3.600478482599999808e+01,2.069999999999999840e+00
3.700492802000000125e+01,2.285000000000000142e+00
3.800508019099999757e+01,2.054999999999999716e+00
3.900522797300000377e+01,2.234999999999999876e+00
4.000537416400000268e+01,2.205000000000000071e+00
4.100552595599999961e+01,2.139999999999999680e+00
4.200567792800000433e+01,2.125000000000000000e+00
4.300579056300000502e+01,2.094999999999999751e+00
4.400589720800000038e+01,2.330000000000000071e+00
4.500600688200000121e+01,2.075000000000000178e+00
4.600611287199999566e+01,2.200000000000000178e+00
4.700624593399999895e+01,2.070000000000000284e+00
4.800639542999999776e+01,2.274999999999999911e+00
4.900654274600000093e+01,2.064999999999999947e+00
5.000668679600000388e+01,2.234999999999999876e+00
5.100682984199999481e+01,2.224999999999999645e+00
5.200697342899999853e+01,2.145000000000000018e+00
5.300712418399999848e+01,2.125000000000000000e+00
5.400728393100000346e+01,2.094999999999999751e+00
5.500743210100000624e+01,2.330000000000000071e+00
5.600753638600000528e+01,2.080000000000000071e+00
5.700768567499999762e+01,2.190000000000000391e+00
5.800783132399999431e+01,2.075000000000000178e+00
5.900798043000000348e+01,2.270000000000000018e+00
6.000812516399999907e+01,2.070000000000000284e+00
6.100827203600000104e+01,2.225000000000000089e+00
6.200843443100000485e+01,2.214999999999999858e+00
6.300857700600000300e+01,2.155000000000000249e+00
6.400872169699999858e+01,2.125000000000000000e+00
6.500887069699999188e+01,2.104999999999999982e+00
6.600901283399998931e+01,2.315000000000000391e+00
6.700915649799999585e+01,2.089999999999999858e+00
6.800929942800000561e+01,2.185000000000000053e+00
6.900944509999999354e+01,2.084999999999999964e+00
7.000959262700000352e+01,2.259999999999999787e+00
7.100973179100000721e+01,2.089999999999999858e+00
7.200983965700000056e+01,2.220000000000000195e+00
7.300997467700000243e+01,2.214999999999999858e+00
7.401011898999999516e+01,2.155000000000000249e+00
7.501026388699999359e+01,2.109999999999999876e+00
7.601037301600000262e+01,2.104999999999999982e+00
7.701052283100000295e+01,2.305000000000000160e+00
7.801064484900000195e+01,2.100000000000000089e+00
7.901076274599999749e+01,2.165000000000000036e+00
8.001090574799999899e+01,2.099999999999999645e+00
8.101104666000000520e+01,2.245000000000000107e+00
8.201119243300000505e+01,2.094999999999999751e+00
8.301130089800000178e+01,2.200000000000000178e+00
8.401144526000000212e+01,2.224999999999999645e+00
8.501159487500000012e+01,2.165000000000000036e+00
8.601173814000000561e+01,2.110000000000000320e+00
8.701187980500000663e+01,2.129999999999999893e+00
8.801202596400000289e+01,2.290000000000000036e+00
8.901217443000000173e+01,2.129999999999999893e+00
9.001232153899999844e+01,2.155000000000000249e+00
9.101246420200000387e+01,2.104999999999999982e+00
9.201260753299999351e+01,2.235000000000000320e+00
9.301276280100000804e+01,2.104999999999999982e+00
9.401287360000000604e+01,2.190000000000000391e+00
9.501302293200001259e+01,2.229999999999999982e+00
9.601316700900000001e+01,2.160000000000000142e+00
9.701331428799998946e+01,2.109999999999999876e+00
9.801345881100000668e+01,2.129999999999999893e+00
9.901360367499999882e+01,2.259999999999999787e+00
1.000137357829999871e+02,2.134999999999999787e+00
1.010138143179999872e+02,2.155000000000000249e+00
1.020139334750000017e+02,2.115000000000000213e+00
1.030140500660000100e+02,2.220000000000000195e+00
1.040141673950000012e+02,2.120000000000000107e+00
1.050142813690000025e+02,2.190000000000000391e+00
1.060143994070000133e+02,2.229999999999999982e+00
1.070145147879999854e+02,2.165000000000000036e+00
1.080146281770000058e+02,2.120000000000000107e+00
1.090147411559999995e+02,2.139999999999999680e+00
1.100148551249999969e+02,2.240000000000000213e+00
1.110149718079999985e+02,2.150000000000000355e+00
1.120150882520000124e+02,2.149999999999999911e+00
1.130152030170000046e+02,2.120000000000000107e+00
1.140153188820000025e+02,2.219999999999999751e+00
1.150154320170000091e+02,2.125000000000000000e+00
1.160155481510000044e+02,2.180000000000000160e+00
1.170156669349999987e+02,2.214999999999999858e+00
1.180157845729999906e+02,2.155000000000000249e+00
1.190159001310000093e+02,2.104999999999999982e+00
1.200160140299999938e+02,2.150000000000000355e+00
1.210161269900000036e+02,2.229999999999999982e+00
1.220162375259999976e+02,2.165000000000000036e+00
1.230163707399999993e+02,2.129999999999999893e+00
1.240164875300000062e+02,2.125000000000000000e+00
1.250166071900000020e+02,2.200000000000000178e+00
1.260167263499999990e+02,2.145000000000000018e+00
1.270168668459999992e+02,2.174999999999999822e+00
1.280169758770000215e+02,2.224999999999999645e+00
1.290171191120000174e+02,2.165000000000000036e+00
1.300172247170000048e+02,2.100000000000000089e+00
1.310173802090000095e+02,2.155000000000000249e+00
1.320175277310000013e+02,2.214999999999999858e+00
1.330176716089999900e+02,2.184999999999999609e+00
1.340177854989999844e+02,2.120000000000000107e+00
1.350178951610000126e+02,2.134999999999999787e+00
1.360180382270000052e+02,2.195000000000000284e+00
1.370181858679999891e+02,2.145000000000000018e+00
1.380183310790000064e+02,2.155000000000000249e+00
1.390184758770000144e+02,2.240000000000000213e+00
1.400186300529999812e+02,2.160000000000000142e+00
1.410187738670000215e+02,2.100000000000000089e+00
1.420189212229999782e+02,2.165000000000000036e+00
1.430190692349999892e+02,2.209999999999999964e+00
1.440192136089999906e+02,2.200000000000000178e+00
1.450193577459999972e+02,2.115000000000000213e+00
1.460195031730000039e+02,2.140000000000000124e+00
1.470196477700000059e+02,2.180000000000000160e+00
1.480197924789999888e+02,2.169999999999999929e+00
1.490199442520000161e+02,2.145000000000000018e+00
1.500200598060000061e+02,2.254999999999999893e+00
1.510202176970000210e+02,2.145000000000000018e+00
1.520203702560000067e+02,2.094999999999999751e+00
1.530205139760000179e+02,2.169999999999999929e+00
1.540206774160000123e+02,2.194999999999999840e+00
1.550208223150000038e+02,2.225000000000000089e+00
1.560209670090000031e+02,2.094999999999999751e+00
1.570211187250000080e+02,2.150000000000000355e+00
1.580212667099999919e+02,2.160000000000000142e+00
1.590214149999999904e+02,2.174999999999999822e+00
1.600215575809999962e+02,2.134999999999999787e+00
1.610217054249999933e+02,2.265000000000000124e+00
1.620218107809999992e+02,2.155000000000000249e+00
1.630219239320000213e+02,2.104999999999999982e+00
1.640220564139999908e+02,2.169999999999999929e+00
1.650222019520000174e+02,2.179999999999999716e+00
1.660223445000000027e+02,2.240000000000000213e+00
1.670224860889999832e+02,2.094999999999999751e+00
1.680225903650000134e+02,2.169999999999999929e+00
1.690227360779999799e+02,2.160000000000000142e+00
1.700228830439999967e+02,2.195000000000000284e+00
1.710229903470000181e+02,2.129999999999999893e+00
1.720230957820000128e+02,2.259999999999999787e+00
1.730232082199999866e+02,2.155000000000000249e+00
1.740233561850000115e+02,2.100000000000000089e+00
1.750234988130000033e+02,2.185000000000000053e+00
1.760236054640000134e+02,2.165000000000000036e+00
1.770237518040000282e+02,2.245000000000000107e+00
1.780238938749999988e+02,2.080000000000000071e+00
1.790240386579999949e+02,2.169999999999999929e+00
1.800241877800000054e+02,2.139999999999999680e+00
1.810243410719999986e+02,2.200000000000000178e+00
1.820244914369999947e+02,2.115000000000000213e+00
1.830246341620000123e+02,2.259999999999999787e+00
1.840247934779999923e+02,2.134999999999999787e+00
1.850249377640000148e+02,2.110000000000000320e+00
1.860250819009999930e+02,2.174999999999999822e+00
1.870252322279999930e+02,2.145000000000000018e+00
1.880253495559999806e+02,2.264999999999999680e+00
1.890255012570000019e+02,2.070000000000000284e+00
1.900256461009999782e+02,2.174999999999999822e+00
1.910257366749999903e+02,2.129999999999999893e+00
1.920258436179999819e+02,2.209999999999999964e+00
1.930259567340000046e+02,2.100000000000000089e+00
1.940260733970000047e+02,2.270000000000000018e+00
1.950261885200000052e+02,2.144999999999999574e+00
1.960263033870000129e+02,2.125000000000000000e+00
1.970264134409999883e+02,2.174999999999999822e+00
1.980265295199999969e+02,2.134999999999999787e+00
1.990266448859999855e+02,2.270000000000000018e+00
2.000267600009999853e+02,2.060000000000000053e+00
2.010268749579999792e+02,2.185000000000000053e+00
2.020269885270000145e+02,2.104999999999999982e+00
2.030271022379999977e+02,2.235000000000000320e+00
2.040272136090000288e+02,2.104999999999999982e+00
2.050273314000000084e+02,2.274999999999999911e+00
2.060274459059999970e+02,2.125000000000000000e+00
2.070275959379999904e+02,2.139999999999999680e+00
2.080277398229999903e+02,2.169999999999999929e+00
2.090278838879999910e+02,2.129999999999999893e+00
2.100280265000000099e+02,2.270000000000000018e+00
2.110281749809999781e+02,2.064999999999999947e+00
2.120283206740000139e+02,2.205000000000000071e+00
2.130284684129999846e+02,2.115000000000000213e+00
2.140286161109999910e+02,2.240000000000000213e+00
2.150287728849999951e+02,2.104999999999999982e+00
2.160289158290000273e+02,2.270000000000000018e+00
2.170290657099999976e+02,2.144999999999999574e+00
2.180292093299999863e+02,2.134999999999999787e+00
2.190293511359999741e+02,2.174999999999999822e+00
2.200294902740000111e+02,2.125000000000000000e+00
2.210296435170000109e+02,2.265000000000000124e+00
2.220297389009999733e+02,2.054999999999999716e+00
2.230298529529999882e+02,2.214999999999999858e+00
2.240299659050000116e+02,2.100000000000000089e+00
2.250300995159999786e+02,2.245000000000000107e+00
2.260302319840000109e+02,2.104999999999999982e+00
2.270303662690000124e+02,2.259999999999999787e+00
2.280305177609999987e+02,2.134999999999999787e+00
2.290306655729999932e+02,2.145000000000000018e+00
2.300307709299999885e+02,2.185000000000000053e+00
2.310309208070000011e+02,2.120000000000000107e+00
2.320310682999999869e+02,2.285000000000000142e+00
2.330311720100000059e+02,2.054999999999999716e+00
2.340313256830000057e+02,2.219999999999999751e+00
2.350314425500000084e+02,2.084999999999999964e+00
2.360315872079999906e+02,2.245000000000000107e+00
2.370316927209999847e+02,2.100000000000000089e+00
2.380318434520000039e+02,2.259999999999999787e+00
2.390319936649999875e+02,2.125000000000000000e+00
2.400321378409999795e+02,2.140000000000000124e+00
2.410322824829999888e+02,2.185000000000000053e+00
2.420324294590000136e+02,2.120000000000000107e+00
2.430325765109999736e+02,2.280000000000000249e+00
2.440327297470000190e+02,2.049999999999999822e+00
2.450328668649999884e+02,2.229999999999999982e+00
2.460329753000000039e+02,2.075000000000000178e+00
2.470330920199999980e+02,2.254999999999999893e+00
2.480331974440000238e+02,2.100000000000000089e+00
2.490333478370000080e+02,2.254999999999999893e+00
2.500334928040000193e+02,2.115000000000000213e+00
2.510336413520000178e+02,2.149999999999999911e+00
2.520337583109999855e+02,2.169999999999999929e+00
2.530338646049999909e+02,2.120000000000000107e+00
2.540340084720000107e+02,2.265000000000000124e+00
2.550341473670000028e+02,2.059999999999999609e+00
2.560342904999999973e+02,2.250000000000000000e+00
2.570344386799999938e+02,2.059999999999999609e+00
2.580345856940000431e+02,2.250000000000000000e+00
2.590347332349999760e+02,2.094999999999999751e+00
2.600348768279999945e+02,2.264999999999999680e+00
2.610350173649999874e+02,2.115000000000000213e+00
2.620351649199999997e+02,2.169999999999999929e+00
2.630353119430000106e+02,2.169999999999999929e+00
2.640354615179999769e+02,2.120000000000000107e+00
2.650356047800000283e+02,2.250000000000000000e+00
2.660357480810000084e+02,2.060000000000000053e+00
2.670358955609999612e+02,2.259999999999999787e+00
2.680360123620000081e+02,2.054999999999999716e+00
2.690361237559999950e+02,2.265000000000000124e+00
2.700362597779999874e+02,2.104999999999999982e+00
2.710363654500000052e+02,2.264999999999999680e+00
2.720364725109999995e+02,2.125000000000000000e+00
2.730366125020000254e+02,2.179999999999999716e+00
2.740367556919999856e+02,2.174999999999999822e+00
2.750369033229999900e+02,2.120000000000000107e+00
2.760370633729999668e+02,2.254999999999999893e+00
2.770372090909999656e+02,2.060000000000000053e+00
2.780373585180000191e+02,2.259999999999999787e+00
2.790375042480000047e+02,2.040000000000000036e+00
2.800376522280000131e+02,2.259999999999999787e+00
2.810378083489999881e+02,2.109999999999999876e+00
2.820379468410000072e+02,2.250000000000000000e+00
2.830380574000000138e+02,2.125000000000000000e+00
2.840382104759999606e+02,2.174999999999999822e+00
2.850383526680000159e+02,2.174999999999999822e+00
2.860384996270000215e+02,2.110000000000000320e+00
2.870386520999999789e+02,2.254999999999999893e+00
2.880387994019999951e+02,2.059999999999999609e+00
2.890389436730000057e+02,2.254999999999999893e+00
2.900390950659999589e+02,2.040000000000000036e+00
2.910392521359999591e+02,2.269999999999999574e+00
2.920393947719999801e+02,2.120000000000000107e+00
2.930395598530000143e+02,2.225000000000000089e+00
2.940397043620000090e+02,2.120000000000000107e+00
2.950398504890000027e+02,2.185000000000000053e+00
2.960399954819999948e+02,2.179999999999999716e+00
2.970401405309999632e+02,2.104999999999999982e+00
2.980402804590000301e+02,2.250000000000000000e+00
2.990404258920000302e+02,2.064999999999999947e+00
3.000405677250000167e+02,2.254999999999999893e+00
3.010407128420000049e+02,2.040000000000000036e+00
3.020408563249999929e+02,2.269999999999999574e+00
3.030410054390000028e+02,2.120000000000000107e+00
3.040411522910000031e+02,2.219999999999999751e+00
3.050413051959999962e+02,2.120000000000000107e+00
3.060414485470000159e+02,2.189999999999999947e+00
3.070416027950000171e+02,2.174999999999999822e+00
3.080417378129999975e+02,2.115000000000000213e+00
3.090418445619999943e+02,2.235000000000000320e+00
3.100419808590000343e+02,2.075000000000000178e+00
3.110421302329999662e+02,2.250000000000000000e+00
3.120422646060000034e+02,2.044999999999999929e+00
3.130423739629999886e+02,2.269999999999999574e+00
3.140424915689999921e+02,2.134999999999999787e+00
3.150425992780000115e+02,2.209999999999999964e+00
3.160427145109999856e+02,2.129999999999999893e+00
3.170428583930000173e+02,2.189999999999999947e+00
3.180430019679999987e+02,2.169999999999999929e+00
3.190431475309999882e+02,2.115000000000000213e+00
3.200432939559999568e+02,2.220000000000000195e+00
3.210433998220000262e+02,2.084999999999999964e+00
3.220435159809999845e+02,2.240000000000000213e+00
3.230436343829999828e+02,2.049999999999999822e+00
3.240437476070000002e+02,2.254999999999999893e+00
3.250438741940000114e+02,2.145000000000000018e+00
3.260439913929999989e+02,2.195000000000000284e+00
3.270441076070000008e+02,2.129999999999999893e+00
3.280442239889999883e+02,2.205000000000000071e+00
3.290443374140000401e+02,2.169999999999999929e+00
3.300444532230000050e+02,2.115000000000000213e+00
3.310445683629999962e+02,2.214999999999999858e+00
3.320446839850000060e+02,2.110000000000000320e+00
3.330448027990000242e+02,2.229999999999999982e+00
3.340449180730000194e+02,2.049999999999999822e+00
3.350450303570000301e+02,2.250000000000000000e+00
3.360451459550000095e+02,2.160000000000000142e+00
3.370452830820000258e+02,2.179999999999999716e+00
3.380453953770000339e+02,2.120000000000000107e+00
3.390455165179999995e+02,2.209999999999999964e+00
3.400456346000000281e+02,2.169999999999999929e+00
3.410457533000000012e+02,2.125000000000000000e+00
3.420459071939999944e+02,2.195000000000000284e+00
3.430460138859999688e+02,2.120000000000000107e+00
3.440461176480000063e+02,2.234999999999999876e+00
3.450462570139999912e+02,2.064999999999999947e+00
3.460464025910000032e+02,2.240000000000000213e+00
3.470465500740000380e+02,2.165000000000000036e+00
3.480466924980000272e+02,2.169999999999999929e+00
3.490468376110000008e+02,2.125000000000000000e+00
3.500469813269999690e+02,2.219999999999999751e+00
3.510471348500000204e+02,2.165000000000000036e+00
3.520472817269999837e+02,2.120000000000000107e+00
3.530474316250000015e+02,2.190000000000000391e+00
3.540475742830000172e+02,2.134999999999999787e+00
3.550477204549999897e+02,2.225000000000000089e+00
3.560478665519999595e+02,2.054999999999999716e+00
3.570480143510000062e+02,2.229999999999999982e+00
3.580481629169999565e+02,2.180000000000000160e+00
3.590483100760000070e+02,2.160000000000000142e+00
3.600484413240000094e+02,2.134999999999999787e+00
3.610485853299999803e+02,2.219999999999999751e+00
3.620487315630000467e+02,2.174999999999999822e+00
3.630488575769999784e+02,2.129999999999999893e+00
3.640489681069999506e+02,2.185000000000000053e+00
3.650490458219999823e+02,2.145000000000000018e+00
3.660491628669999500e+02,2.225000000000000089e+00
3.670492962330000069e+02,2.064999999999999947e+00
3.680494568459999982e+02,2.225000000000000089e+00
3.690496100709999610e+02,2.185000000000000053e+00
3.700497392119999631e+02,2.150000000000000355e+00
3.710498486999999841e+02,2.140000000000000124e+00
3.720499853669999766e+02,2.219999999999999751e+00
3.730501274419999618e+02,2.169999999999999929e+00
3.740502745519999621e+02,2.134999999999999787e+00
3.750504228119999652e+02,2.169999999999999929e+00
3.760505706280000027e+02,2.160000000000000142e+00
3.770507154389999869e+02,2.214999999999999858e+00
3.780508632669999542e+02,2.064999999999999947e+00
3.790510106199999996e+02,2.220000000000000195e+00
3.800511557590000393e+02,2.200000000000000178e+00
3.810513059049999924e+02,2.145000000000000018e+00
3.820514510149999978e+02,2.149999999999999911e+00
3.830515967439999940e+02,2.214999999999999858e+00
3.840517416380000100e+02,2.169999999999999929e+00
3.850518849530000125e+02,2.129999999999999893e+00
3.860520373340000333e+02,2.155000000000000249e+00
3.870521479969999632e+02,2.174999999999999822e+00
3.880522590190000187e+02,2.209999999999999964e+00
3.890524181959999623e+02,2.075000000000000178e+00
3.900525523340000404e+02,2.209999999999999964e+00
3.910527032310000095e+02,2.214999999999999858e+00
3.920528451580000251e+02,2.134999999999999787e+00
3.930529969130000154e+02,2.155000000000000249e+00
3.940531458769999631e+02,2.209999999999999964e+00
3.950532919350000043e+02,2.179999999999999716e+00
3.960534347419999790e+02,2.125000000000000000e+00
3.970535404999999969e+02,2.145000000000000018e+00
3.980537026540000056e+02,2.189999999999999947e+00
3.990538150719999635e+02,2.194999999999999840e+00
4.000539506530000153e+02,2.075000000000000178e+00
4.010540942380000047e+02,2.195000000000000284e+00
4.020542395459999625e+02,2.219999999999999751e+00
4.030543808699999886e+02,2.115000000000000213e+00
4.040545256130000098e+02,2.160000000000000142e+00
4.050546736390000433e+02,2.200000000000000178e+00
4.060548189980000302e+02,2.185000000000000053e+00
4.070549604949999889e+02,2.125000000000000000e+00
4.080551089549999801e+02,2.134999999999999787e+00
4.090552167880000525e+02,2.200000000000000178e+00
4.100553317850000212e+02,2.189999999999999947e+00
4.110554568759999938e+02,2.089999999999999858e+00
4.120556069030000117e+02,2.190000000000000391e+00
4.130557557700000189e+02,2.235000000000000320e+00
4.140559055280000393e+02,2.094999999999999751e+00
4.150560154019999572e+02,2.169999999999999929e+00
4.160561201630000028e+02,2.185000000000000053e+00
4.170562586780000061e+02,2.195000000000000284e+00
4.180564093809999804e+02,1.179999999999999938e+00
4.190565598250000221e+02,1.040000000000000036e+00
4.199730930309999621e+02,1.084999999999999964e+00
