1.000074764000000060e+00,2.584999999999999964e+00
2.000258306999999736e+00,2.594999999999999751e+00
3.000369933999999628e+00,2.589999999999999858e+00
4.000496446999999733e+00,2.589999999999999858e+00
5.000612864999999907e+00,2.589999999999999858e+00
6.000735493999999726e+00,2.589999999999999858e+00
7.000854669999999835e+00,2.594999999999999751e+00
8.000980157000000759e+00,2.589999999999999858e+00
9.001133277000000987e+00,2.584999999999999964e+00
1.000127422200000105e+01,2.589999999999999858e+00
1.100141808200000071e+01,2.584999999999999964e+00
1.200156216700000122e+01,2.594999999999999751e+00
1.300170525999999960e+01,2.594999999999999751e+00
1.400184974799999971e+01,2.584999999999999964e+00
1.500200225000000032e+01,2.589999999999999858e+00
1.600215012099999967e+01,2.594999999999999751e+00
1.700229455599999895e+01,2.594999999999999751e+00
1.800243941599999786e+01,2.594999999999999751e+00
1.900258561400000090e+01,2.594999999999999751e+00
2.000273248899999956e+01,2.594999999999999751e+00
2.100288050900000059e+01,2.589999999999999858e+00
2.200303176599999944e+01,2.594999999999999751e+00
2.300318514499999978e+01,2.584999999999999964e+00
2.400333132099999744e+01,2.589999999999999858e+00
2.500343240900000197e+01,2.589999999999999858e+00
2.600355400000000117e+01,2.589999999999999858e+00
2.700367210099999937e+01,2.589999999999999858e+00
2.800378470699999767e+01,2.589999999999999858e+00
2.900390008400000141e+01,2.589999999999999858e+00
3.000401504300000255e+01,2.589999999999999858e+00
3.100415266199999920e+01,2.594999999999999751e+00
3.200427649400000263e+01,2.589999999999999858e+00
3.300439452100000182e+01,2.589999999999999858e+00
3.400451239599999553e+01,2.589999999999999858e+00
3.500462495600000068e+01,2.589999999999999858e+00
3.600474270600000182e+01,2.589999999999999858e+00
3.700485974000000056e+01,2.589999999999999858e+00
3.800498242700000162e+01,2.589999999999999858e+00
3.900509818100000103e+01,2.589999999999999858e+00
4.000521324300000003e+01,2.589999999999999858e+00
4.100532819000000018e+01,2.589999999999999858e+00
4.200543826900000255e+01,2.589999999999999858e+00
4.300555608399999841e+01,2.589999999999999858e+00
4.400567347199999801e+01,2.594999999999999751e+00
4.500578923899999495e+01,2.589999999999999858e+00
4.600590586399999893e+01,2.594999999999999751e+00
4.700602233000000041e+01,2.589999999999999858e+00
4.800614010800000386e+01,2.594999999999999751e+00
4.900625801600000386e+01,2.594999999999999751e+00
5.000637674899999752e+01,2.594999999999999751e+00
5.100649897800000332e+01,2.594999999999999751e+00
5.200661740899999330e+01,2.589999999999999858e+00
5.300673292600000508e+01,2.589999999999999858e+00
5.400684808999999831e+01,2.589999999999999858e+00
5.500696597299999979e+01,2.584999999999999964e+00
5.600708456699999971e+01,2.594999999999999751e+00
5.700720168100000507e+01,2.589999999999999858e+00
5.800731795699999793e+01,2.589999999999999858e+00
5.900743324199999762e+01,2.594999999999999751e+00
6.000755074600000682e+01,2.594999999999999751e+00
6.100768324799999931e+01,2.594999999999999751e+00
6.200780050899999907e+01,2.594999999999999751e+00
6.300791726300000306e+01,2.589999999999999858e+00
6.400803555299999914e+01,2.589999999999999858e+00
6.500815516899999125e+01,2.589999999999999858e+00
6.600826994700000228e+01,2.589999999999999858e+00
6.700838815699999884e+01,2.589999999999999858e+00
6.800850765399999887e+01,2.594999999999999751e+00
6.900862513299999534e+01,2.594999999999999751e+00
7.000873879600000294e+01,2.584999999999999964e+00
7.100885420800000247e+01,2.589999999999999858e+00
7.200897887499999683e+01,2.589999999999999858e+00
7.300909412000000032e+01,2.589999999999999858e+00
7.400920806100000959e+01,2.589999999999999858e+00
7.500932300099999850e+01,2.580000000000000071e+00
7.600943836100000794e+01,2.589999999999999858e+00
7.700955372399999987e+01,2.589999999999999858e+00
7.800967213799999911e+01,2.589999999999999858e+00
7.900978787900000100e+01,2.594999999999999751e+00
8.000990253599999846e+01,2.594999999999999751e+00
8.101001741199999628e+01,2.584999999999999964e+00
8.201013390600000719e+01,2.589999999999999858e+00
8.301025242500000445e+01,2.594999999999999751e+00
8.401037037399999008e+01,2.594999999999999751e+00
8.501048548400000016e+01,2.594999999999999751e+00
8.601060107899999707e+01,2.589999999999999858e+00
8.701074964999999395e+01,2.594999999999999751e+00
8.801089613499999587e+01,2.589999999999999858e+00
8.901103247599999690e+01,2.589999999999999858e+00
9.001117788799999175e+01,2.594999999999999751e+00
9.101132333799999685e+01,2.594999999999999751e+00
9.201148098999999547e+01,2.594999999999999751e+00
9.301162656299999298e+01,2.594999999999999751e+00
9.401177167000000168e+01,2.589999999999999858e+00
9.501192235799999253e+01,2.589999999999999858e+00
9.601206980000000613e+01,2.584999999999999964e+00
9.701221502799998575e+01,2.589999999999999858e+00
9.801236043000000109e+01,2.594999999999999751e+00
9.901251752600001055e+01,2.589999999999999858e+00
1.000126645440000033e+02,2.589999999999999858e+00
1.010128162370000098e+02,2.589999999999999858e+00
1.020129284570000010e+02,2.589999999999999858e+00
1.030130193749999989e+02,2.589999999999999858e+00
1.040131403160000048e+02,2.589999999999999858e+00
1.050132883610000079e+02,2.594999999999999751e+00
1.060134352249999949e+02,2.589999999999999858e+00
1.070135850320000088e+02,2.594999999999999751e+00
1.080137330720000080e+02,2.589999999999999858e+00
1.090138789929999916e+02,2.584999999999999964e+00
1.100140226279999922e+02,2.589999999999999858e+00
1.110141711859999987e+02,2.594999999999999751e+00
1.120142848920000063e+02,2.594999999999999751e+00
1.130144006249999933e+02,2.594999999999999751e+00
1.140145557529999962e+02,2.589999999999999858e+00
1.150147001999999929e+02,2.589999999999999858e+00
1.160148479279999947e+02,2.589999999999999858e+00
1.170149910279999972e+02,2.589999999999999858e+00
1.180151388379999986e+02,2.589999999999999858e+00
1.190152918410000069e+02,2.589999999999999858e+00
1.200154401690000014e+02,2.589999999999999858e+00
1.210155880399999972e+02,2.589999999999999858e+00
1.220157442570000086e+02,2.589999999999999858e+00
1.230158910339999920e+02,2.589999999999999858e+00
1.240159587429999988e+02,2.594999999999999751e+00
1.250160882090000030e+02,2.589999999999999858e+00
1.260162315479999933e+02,2.589999999999999858e+00
1.270163757910000015e+02,2.589999999999999858e+00
1.280165127070000040e+02,2.594999999999999751e+00
1.290166570110000066e+02,2.594999999999999751e+00
1.300168008420000092e+02,2.594999999999999751e+00
1.310169511809999960e+02,2.594999999999999751e+00
1.320170722549999880e+02,2.594999999999999751e+00
1.330171824939999965e+02,2.589999999999999858e+00
1.340172985250000011e+02,2.589999999999999858e+00
1.350174076370000193e+02,2.589999999999999858e+00
1.360175518190000048e+02,2.589999999999999858e+00
1.370177014369999995e+02,2.589999999999999858e+00
1.380178484329999833e+02,2.589999999999999858e+00
1.390179999460000033e+02,2.594999999999999751e+00
1.400181453339999962e+02,2.594999999999999751e+00
1.410182935560000033e+02,2.594999999999999751e+00
1.420184427590000098e+02,2.589999999999999858e+00
1.430185949479999863e+02,2.589999999999999858e+00
1.440187439999999981e+02,2.589999999999999858e+00
1.450188876050000033e+02,2.589999999999999858e+00
1.460190320400000132e+02,2.594999999999999751e+00
1.470191603989999862e+02,2.594999999999999751e+00
1.480192826010000147e+02,2.594999999999999751e+00
1.490194110729999863e+02,2.589999999999999858e+00
1.500195390479999844e+02,2.589999999999999858e+00
1.510196494180000002e+02,2.589999999999999858e+00
1.520198024640000085e+02,2.594999999999999751e+00
1.530199473499999954e+02,2.594999999999999751e+00
1.540200928609999949e+02,2.584999999999999964e+00
1.550202440460000162e+02,2.589999999999999858e+00
1.560203942629999858e+02,2.589999999999999858e+00
1.570205410979999954e+02,2.594999999999999751e+00
1.580206517960000099e+02,2.589999999999999858e+00
1.590207974520000107e+02,2.594999999999999751e+00
1.600209425300000134e+02,2.589999999999999858e+00
1.610210682359999907e+02,2.594999999999999751e+00
1.620211790950000079e+02,2.594999999999999751e+00
1.630213244870000153e+02,2.594999999999999751e+00
1.640214718809999965e+02,2.594999999999999751e+00
1.650216230279999934e+02,2.589999999999999858e+00
1.660217682820000107e+02,2.594999999999999751e+00
1.670219235600000047e+02,2.594999999999999751e+00
1.680220742460000167e+02,2.589999999999999858e+00
1.690222229370000093e+02,2.594999999999999751e+00
1.700223708460000012e+02,2.584999999999999964e+00
1.710224837869999988e+02,2.580000000000000071e+00
1.720225942490000079e+02,2.584999999999999964e+00
1.730227076550000049e+02,2.589999999999999858e+00
1.740228250250000031e+02,2.594999999999999751e+00
1.750229342420000194e+02,2.594999999999999751e+00
1.760230834340000285e+02,2.584999999999999964e+00
1.770232313299999873e+02,2.584999999999999964e+00
1.780233778390000055e+02,2.589999999999999858e+00
1.790235270059999948e+02,2.589999999999999858e+00
1.800236368279999795e+02,2.589999999999999858e+00
1.810237880220000193e+02,2.594999999999999751e+00
1.820239581959999953e+02,2.594999999999999751e+00
1.830241043409999975e+02,2.594999999999999751e+00
1.840242063879999819e+02,2.594999999999999751e+00
1.850243222299999957e+02,2.594999999999999751e+00
1.860244368759999816e+02,2.594999999999999751e+00
1.870245549520000168e+02,2.594999999999999751e+00
1.880246732249999866e+02,2.589999999999999858e+00
1.890247877019999976e+02,2.594999999999999751e+00
1.900249019729999986e+02,2.594999999999999751e+00
1.910249884170000030e+02,2.594999999999999751e+00
1.920251017020000006e+02,2.594999999999999751e+00
1.930252210650000109e+02,2.584999999999999964e+00
1.940253390990000071e+02,2.589999999999999858e+00
1.950254539129999785e+02,2.594999999999999751e+00
1.960255722170000183e+02,2.594999999999999751e+00
1.970256876759999898e+02,2.594999999999999751e+00
1.980258049279999852e+02,2.594999999999999751e+00
1.990259254750000082e+02,2.594999999999999751e+00
2.000260443999999893e+02,2.594999999999999751e+00
2.010261600820000183e+02,2.594999999999999751e+00
2.020262759709999898e+02,2.594999999999999751e+00
2.030263915719999943e+02,2.589999999999999858e+00
2.040265075199999956e+02,2.584999999999999964e+00
2.050266258759999971e+02,2.594999999999999751e+00
2.060267455440000219e+02,2.594999999999999751e+00
2.070268604499999867e+02,2.589999999999999858e+00
2.080269653000000005e+02,2.594999999999999751e+00
2.090271128429999976e+02,2.594999999999999751e+00
2.100272631740000122e+02,2.589999999999999858e+00
2.110274189340000248e+02,2.589999999999999858e+00
2.120275722390000226e+02,2.589999999999999858e+00
2.130277151649999894e+02,2.584999999999999964e+00
2.140278240899999957e+02,2.580000000000000071e+00
2.150279703600000119e+02,2.580000000000000071e+00
2.160281141049999860e+02,2.584999999999999964e+00
2.170282660780000015e+02,2.584999999999999964e+00
2.180284153809999736e+02,2.589999999999999858e+00
2.190285692559999973e+02,2.584999999999999964e+00
2.200287152679999849e+02,2.584999999999999964e+00
2.210288253500000053e+02,2.580000000000000071e+00
2.220289702770000133e+02,2.584999999999999964e+00
2.230290961979999906e+02,2.589999999999999858e+00
2.240292084200000033e+02,2.589999999999999858e+00
2.250293545690000201e+02,2.594999999999999751e+00
2.260295048749999864e+02,2.589999999999999858e+00
2.270296482679999883e+02,2.589999999999999858e+00
2.280297961509999709e+02,2.589999999999999858e+00
2.290299625449999894e+02,2.589999999999999858e+00
2.300301098129999957e+02,2.580000000000000071e+00
2.310302551070000163e+02,2.584999999999999964e+00
2.320303734720000080e+02,2.594999999999999751e+00
2.330304920300000049e+02,2.589999999999999858e+00
2.340306051090000210e+02,2.589999999999999858e+00
2.350307225880000033e+02,2.589999999999999858e+00
2.360308390550000013e+02,2.594999999999999751e+00
2.370309548190000157e+02,2.589999999999999858e+00
2.380310693870000023e+02,2.589999999999999858e+00
2.390311863830000050e+02,2.589999999999999858e+00
2.400313032109999938e+02,2.584999999999999964e+00
2.410314182379999863e+02,2.594999999999999751e+00
2.420315497979999861e+02,2.594999999999999751e+00
2.430316693120000195e+02,2.594999999999999751e+00
2.440317851169999983e+02,2.594999999999999751e+00
2.450319002349999948e+02,2.594999999999999751e+00
2.460320171840000114e+02,2.594999999999999751e+00
2.470321372740000072e+02,2.594999999999999751e+00
2.480322495829999809e+02,2.594999999999999751e+00
2.490323652870000046e+02,2.594999999999999751e+00
2.500324806370000204e+02,2.584999999999999964e+00
2.510325950690000241e+02,2.580000000000000071e+00
2.520327114920000042e+02,2.584999999999999964e+00
2.530328302940000071e+02,2.584999999999999964e+00
2.540329469700000118e+02,2.584999999999999964e+00
2.550330704449999928e+02,2.580000000000000071e+00
2.560331867509999597e+02,2.584999999999999964e+00
2.570333031999999776e+02,2.594999999999999751e+00
2.580334182610000084e+02,2.584999999999999964e+00
2.590335353149999946e+02,2.580000000000000071e+00
2.600336529429999928e+02,2.589999999999999858e+00
2.610337686740000436e+02,2.594999999999999751e+00
2.620338863869999955e+02,2.594999999999999751e+00
2.630340030899999988e+02,2.589999999999999858e+00
2.640341176809999979e+02,2.594999999999999751e+00
2.650342403070000046e+02,2.594999999999999751e+00
2.660343574469999908e+02,2.594999999999999751e+00
2.670344724419999807e+02,2.589999999999999858e+00
2.680345867649999718e+02,2.589999999999999858e+00
2.690347015720000172e+02,2.589999999999999858e+00
2.700348171399999728e+02,2.589999999999999858e+00
2.710349394770000231e+02,2.594999999999999751e+00
2.720350702250000268e+02,2.589999999999999858e+00
2.730351855509999837e+02,2.589999999999999858e+00
2.740352995890000329e+02,2.589999999999999858e+00
2.750354137340000307e+02,2.589999999999999858e+00
2.760355275129999768e+02,2.594999999999999751e+00
2.770356471009999950e+02,2.589999999999999858e+00
2.780357659549999880e+02,2.589999999999999858e+00
2.790358798080000042e+02,2.589999999999999858e+00
2.800359944269999914e+02,2.589999999999999858e+00
2.810361081670000090e+02,2.584999999999999964e+00
2.820362219559999630e+02,2.584999999999999964e+00
2.830363383940000404e+02,1.574999999999999956e+00
2.840364543679999656e+02,1.294999999999999929e+00
2.842717336599999953e+02,3.049999999999999933e-01
