1.000076857999999902e+00,2.500000000000000000e+00
2.000220504000000066e+00,2.459999999999999964e+00
3.000357653999999652e+00,2.450000000000000178e+00
4.000499335999999850e+00,2.470000000000000195e+00
5.000610909999999798e+00,2.520000000000000018e+00
6.000761341000000471e+00,2.520000000000000018e+00
7.000872637000000509e+00,2.520000000000000018e+00
8.001012954000000121e+00,2.509999999999999787e+00
9.001162196000001003e+00,2.450000000000000178e+00
1.000130536600000042e+01,2.450000000000000178e+00
1.100145411699999975e+01,2.479999999999999982e+00
1.200157011200000134e+01,2.520000000000000018e+00
1.300168318700000114e+01,2.520000000000000018e+00
1.400184419900000066e+01,2.509999999999999787e+00
1.500195306599999867e+01,2.500000000000000000e+00
1.600208859199999978e+01,2.459999999999999964e+00
1.700223034400000088e+01,2.450000000000000178e+00
1.800238043599999926e+01,2.509999999999999787e+00
1.900252362599999856e+01,2.520000000000000018e+00
2.000266943999999825e+01,2.520000000000000018e+00
2.100281508500000172e+01,2.520000000000000018e+00
2.200296245699999886e+01,2.479999999999999982e+00
2.300310692100000054e+01,2.459999999999999964e+00
2.400325022300000199e+01,2.459999999999999964e+00
2.500340387500000006e+01,2.520000000000000018e+00
2.600355293599999840e+01,2.520000000000000018e+00
2.700370144599999733e+01,2.520000000000000018e+00
2.800384717199999685e+01,2.529999999999999805e+00
2.900399988899999926e+01,2.459999999999999964e+00
3.000415258199999968e+01,2.459999999999999964e+00
3.100426555699999653e+01,2.479999999999999982e+00
3.200443344499999654e+01,2.520000000000000018e+00
3.300454314000000267e+01,2.520000000000000018e+00
3.400468652800000058e+01,2.520000000000000018e+00
3.500483650500000010e+01,2.500000000000000000e+00
3.600499345699999765e+01,2.459999999999999964e+00
3.700514368300000001e+01,2.450000000000000178e+00
3.800529412099999860e+01,2.500000000000000000e+00
3.900544319200000132e+01,2.520000000000000018e+00
4.000559257100000110e+01,2.520000000000000018e+00
4.100573503199999692e+01,2.520000000000000018e+00
4.200585951499999737e+01,2.479999999999999982e+00
4.300596885199999520e+01,2.459999999999999964e+00
4.400610050299999898e+01,2.439999999999999947e+00
4.500624493300000495e+01,2.509999999999999787e+00
4.600639264200000156e+01,2.520000000000000018e+00
4.700653597399999484e+01,2.529999999999999805e+00
4.800668523299999890e+01,2.520000000000000018e+00
4.900683336100000531e+01,2.470000000000000195e+00
5.000697995300000542e+01,2.459999999999999964e+00
5.100712228500000123e+01,2.470000000000000195e+00
5.200727044199999938e+01,2.509999999999999787e+00
5.300741595699999920e+01,2.509999999999999787e+00
5.400756699100000446e+01,2.500000000000000000e+00
5.500771791500000063e+01,2.520000000000000018e+00
5.600786279399999756e+01,2.459999999999999964e+00
5.700800376399999436e+01,2.450000000000000178e+00
5.800814850500000119e+01,2.479999999999999982e+00
5.900829376200000098e+01,2.509999999999999787e+00
6.000844499200000115e+01,2.520000000000000018e+00
6.100855612499999836e+01,2.520000000000000018e+00
6.200872398399999952e+01,2.509999999999999787e+00
6.300887516899999952e+01,2.459999999999999964e+00
6.400901615800000855e+01,2.450000000000000178e+00
6.500915774999999996e+01,2.490000000000000213e+00
6.600931203899999389e+01,2.520000000000000018e+00
6.700945821000000535e+01,2.520000000000000018e+00
6.800961081300000899e+01,2.520000000000000018e+00
6.900975526000000571e+01,2.490000000000000213e+00
7.000985001300000476e+01,2.459999999999999964e+00
7.100995950200000095e+01,2.450000000000000178e+00
7.201010381000000393e+01,2.509999999999999787e+00
7.301025634500000194e+01,2.520000000000000018e+00
7.401040340699999831e+01,2.520000000000000018e+00
7.501055220800000711e+01,2.520000000000000018e+00
7.601069739300000094e+01,2.470000000000000195e+00
7.701080506600000319e+01,2.459999999999999964e+00
7.801095475300000714e+01,2.459999999999999964e+00
7.901110706500000447e+01,2.520000000000000018e+00
8.001125403599999686e+01,2.520000000000000018e+00
8.101140741899999398e+01,2.520000000000000018e+00
8.201156210000000613e+01,2.520000000000000018e+00
8.301170223799999803e+01,2.450000000000000178e+00
8.401184579399999564e+01,2.450000000000000178e+00
8.501199791700000219e+01,2.470000000000000195e+00
8.601214011100000789e+01,2.509999999999999787e+00
8.701228892000000315e+01,2.520000000000000018e+00
8.801242347600000926e+01,2.509999999999999787e+00
8.901254574600000069e+01,2.509999999999999787e+00
9.001267241700000454e+01,2.450000000000000178e+00
9.101279135899999062e+01,2.450000000000000178e+00
9.201290785499999458e+01,2.490000000000000213e+00
9.301304132700001048e+01,2.509999999999999787e+00
9.401318469000000277e+01,2.509999999999999787e+00
9.501333402899999214e+01,2.520000000000000018e+00
9.601349301000000480e+01,2.500000000000000000e+00
9.701364059099999793e+01,2.459999999999999964e+00
9.801374620500000390e+01,2.450000000000000178e+00
9.901385947500000384e+01,2.509999999999999787e+00
1.000140116949999936e+02,2.520000000000000018e+00
1.010141513009999983e+02,2.520000000000000018e+00
1.020143084679999959e+02,2.509999999999999787e+00
1.030144592099999983e+02,2.459999999999999964e+00
1.040145963829999971e+02,2.459999999999999964e+00
1.050147404820000077e+02,2.459999999999999964e+00
1.060148885570000061e+02,2.520000000000000018e+00
1.070150355239999982e+02,2.520000000000000018e+00
1.080151919170000099e+02,2.520000000000000018e+00
1.090153020820000052e+02,2.520000000000000018e+00
1.100154473799999977e+02,2.450000000000000178e+00
1.110155972600000069e+02,2.450000000000000178e+00
1.120157426520000143e+02,2.479999999999999982e+00
1.130158953760000031e+02,2.520000000000000018e+00
1.140160523060000060e+02,2.500000000000000000e+00
1.150162024170000024e+02,2.520000000000000018e+00
1.160163536200000038e+02,2.509999999999999787e+00
1.170165009629999986e+02,2.450000000000000178e+00
1.180166521339999974e+02,2.459999999999999964e+00
1.190167940429999902e+02,2.500000000000000000e+00
1.200169550120000110e+02,2.520000000000000018e+00
1.210171088960000105e+02,2.520000000000000018e+00
1.220172615949999937e+02,2.520000000000000018e+00
1.230174197160000062e+02,2.479999999999999982e+00
1.240175587389999947e+02,2.459999999999999964e+00
1.250176673929999964e+02,2.450000000000000178e+00
1.260178234339999932e+02,2.520000000000000018e+00
1.270179358329999957e+02,2.520000000000000018e+00
1.280180451679999862e+02,2.520000000000000018e+00
1.290181956749999870e+02,2.520000000000000018e+00
1.300183419640000011e+02,2.459999999999999964e+00
1.310184882810000033e+02,2.459999999999999964e+00
1.320186392229999797e+02,2.479999999999999982e+00
1.330187880199999881e+02,2.529999999999999805e+00
1.340189405980000004e+02,2.520000000000000018e+00
1.350190848809999977e+02,2.509999999999999787e+00
1.360192334829999936e+02,2.500000000000000000e+00
1.370193863339999893e+02,2.450000000000000178e+00
1.380195377619999988e+02,2.450000000000000178e+00
1.390196866409999927e+02,2.500000000000000000e+00
1.400198339819999944e+02,2.520000000000000018e+00
1.410199887590000003e+02,2.520000000000000018e+00
1.420201380050000068e+02,2.500000000000000000e+00
1.430202872259999936e+02,2.490000000000000213e+00
1.440204399899999999e+02,2.450000000000000178e+00
1.450205507529999807e+02,2.450000000000000178e+00
1.460207008520000045e+02,2.509999999999999787e+00
1.470208512020000171e+02,2.520000000000000018e+00
1.480210031130000061e+02,2.520000000000000018e+00
1.490211476989999824e+02,2.509999999999999787e+00
1.500212975759999949e+02,2.470000000000000195e+00
1.510214506680000000e+02,2.459999999999999964e+00
1.520215970889999824e+02,2.450000000000000178e+00
1.530217470190000029e+02,2.520000000000000018e+00
1.540218589140000063e+02,2.509999999999999787e+00
1.550219703260000017e+02,2.520000000000000018e+00
1.560221098110000071e+02,2.520000000000000018e+00
1.570222569510000028e+02,2.450000000000000178e+00
1.580224025520000168e+02,2.450000000000000178e+00
1.590225536700000077e+02,2.479999999999999982e+00
1.600227027410000176e+02,2.520000000000000018e+00
1.610228574749999950e+02,2.520000000000000018e+00
1.620230176260000121e+02,2.520000000000000018e+00
1.630231681820000063e+02,2.500000000000000000e+00
1.640233223660000021e+02,2.450000000000000178e+00
1.650234702829999947e+02,2.450000000000000178e+00
1.660236153889999855e+02,2.500000000000000000e+00
1.670237687979999919e+02,2.509999999999999787e+00
1.680239224009999930e+02,2.520000000000000018e+00
1.690240759689999948e+02,2.520000000000000018e+00
1.700242332969999950e+02,2.479999999999999982e+00
1.710243809110000086e+02,2.459999999999999964e+00
1.720244864440000185e+02,2.459999999999999964e+00
1.730246304519999967e+02,2.520000000000000018e+00
1.740247869590000107e+02,2.509999999999999787e+00
1.750249387990000116e+02,2.509999999999999787e+00
1.760250906679999900e+02,2.520000000000000018e+00
1.770252372409999850e+02,2.459999999999999964e+00
1.780253784970000197e+02,2.459999999999999964e+00
1.790255269349999878e+02,2.479999999999999982e+00
1.800256822040000202e+02,2.509999999999999787e+00
1.810258306380000022e+02,2.520000000000000018e+00
1.820259438580000051e+02,2.520000000000000018e+00
1.830260837459999834e+02,2.509999999999999787e+00
1.840262519640000107e+02,2.450000000000000178e+00
1.850264011079999875e+02,2.450000000000000178e+00
1.860265541379999945e+02,2.479999999999999982e+00
1.870267097579999813e+02,2.529999999999999805e+00
1.880268204200000071e+02,2.520000000000000018e+00
1.890269677000000001e+02,2.520000000000000018e+00
1.900271193899999957e+02,2.490000000000000213e+00
1.910272689029999924e+02,2.459999999999999964e+00
1.920274195740000209e+02,2.450000000000000178e+00
1.930275651609999841e+02,2.509999999999999787e+00
1.940277194029999919e+02,2.529999999999999805e+00
1.950278703429999894e+02,2.520000000000000018e+00
1.960280283270000155e+02,2.509999999999999787e+00
1.970281727649999937e+02,2.470000000000000195e+00
1.980283292109999707e+02,2.459999999999999964e+00
1.990284752840000237e+02,2.459999999999999964e+00
2.000286228120000089e+02,2.529999999999999805e+00
2.010287167019999970e+02,2.520000000000000018e+00
2.020288736850000078e+02,2.520000000000000018e+00
2.030290236870000058e+02,2.509999999999999787e+00
2.040291422409999882e+02,2.450000000000000178e+00
2.050292884749999871e+02,2.459999999999999964e+00
2.060294381359999818e+02,2.490000000000000213e+00
2.070295890640000209e+02,2.520000000000000018e+00
2.080297407250000106e+02,2.520000000000000018e+00
2.090298567829999854e+02,2.520000000000000018e+00
2.100300093070000003e+02,2.490000000000000213e+00
2.110301607700000091e+02,2.459999999999999964e+00
2.120303139050000141e+02,2.450000000000000178e+00
2.130304630759999895e+02,2.500000000000000000e+00
2.140305710370000156e+02,2.509999999999999787e+00
2.150307320150000123e+02,2.520000000000000018e+00
2.160308818059999965e+02,2.520000000000000018e+00
2.170310013040000285e+02,2.479999999999999982e+00
2.180311255890000268e+02,2.459999999999999964e+00
2.190312448130000007e+02,2.450000000000000178e+00
2.200313631470000075e+02,2.520000000000000018e+00
2.210314860209999779e+02,2.509999999999999787e+00
2.220316126499999996e+02,2.509999999999999787e+00
2.230317373159999761e+02,2.509999999999999787e+00
2.240318585269999971e+02,2.470000000000000195e+00
2.250319772420000106e+02,2.459999999999999964e+00
2.260320962149999957e+02,2.470000000000000195e+00
2.270322189190000017e+02,2.520000000000000018e+00
2.280323456990000182e+02,2.520000000000000018e+00
2.290324706870000000e+02,2.520000000000000018e+00
2.300325936840000054e+02,2.509999999999999787e+00
2.310327172380000036e+02,2.450000000000000178e+00
2.320328339929999970e+02,2.450000000000000178e+00
2.330329550769999969e+02,2.479999999999999982e+00
2.340330817100000047e+02,2.500000000000000000e+00
2.350332092829999908e+02,2.520000000000000018e+00
2.360333320629999889e+02,2.509999999999999787e+00
2.370334579459999986e+02,2.509999999999999787e+00
2.380335838579999859e+02,2.459999999999999964e+00
2.390337015309999913e+02,2.459999999999999964e+00
2.400338240459999781e+02,2.509999999999999787e+00
2.410339498209999931e+02,2.520000000000000018e+00
2.420340744529999881e+02,2.520000000000000018e+00
2.430341969069999948e+02,2.509999999999999787e+00
2.440343174909999959e+02,2.479999999999999982e+00
2.450345492640000202e+02,2.450000000000000178e+00
2.460346739500000126e+02,2.459999999999999964e+00
2.470347924159999877e+02,2.520000000000000018e+00
2.480349160920000031e+02,2.520000000000000018e+00
2.490350431340000057e+02,2.520000000000000018e+00
2.500351611320000131e+02,2.520000000000000018e+00
2.510353059979999841e+02,2.459999999999999964e+00
2.520354531529999917e+02,2.459999999999999964e+00
2.530355636829999924e+02,2.479999999999999982e+00
2.540357088599999997e+02,2.500000000000000000e+00
2.550358518390000029e+02,2.520000000000000018e+00
2.560359614600000100e+02,2.520000000000000018e+00
2.570361107049999987e+02,2.509999999999999787e+00
2.580362737709999692e+02,2.459999999999999964e+00
2.590364186499999732e+02,2.459999999999999964e+00
2.600365727569999876e+02,2.490000000000000213e+00
2.610366841860000022e+02,2.520000000000000018e+00
2.620368379930000060e+02,2.509999999999999787e+00
2.630369904259999885e+02,2.520000000000000018e+00
2.640371375309999848e+02,2.490000000000000213e+00
2.650372506109999904e+02,2.459999999999999964e+00
2.660373586480000085e+02,2.459999999999999964e+00
2.670374627759999839e+02,2.500000000000000000e+00
2.680375929290000272e+02,2.520000000000000018e+00
2.690377217710000082e+02,2.520000000000000018e+00
2.700378341890000229e+02,2.520000000000000018e+00
2.710379608290000419e+02,2.479999999999999982e+00
2.720380820309999876e+02,2.459999999999999964e+00
2.730382022549999874e+02,2.459999999999999964e+00
2.740383192269999881e+02,2.520000000000000018e+00
2.750384765729999685e+02,2.520000000000000018e+00
2.760386045199999785e+02,2.529999999999999805e+00
2.770387290390000317e+02,2.520000000000000018e+00
2.780388497090000328e+02,2.450000000000000178e+00
2.790389702570000168e+02,2.459999999999999964e+00
2.800390973730000042e+02,2.479999999999999982e+00
2.810392233169999940e+02,2.520000000000000018e+00
2.820393499080000197e+02,2.520000000000000018e+00
2.830394768279999766e+02,2.509999999999999787e+00
2.840396062670000106e+02,2.500000000000000000e+00
2.850397320729999819e+02,2.450000000000000178e+00
2.860398541740000269e+02,2.450000000000000178e+00
2.870399743730000068e+02,2.500000000000000000e+00
2.880401028340000380e+02,2.500000000000000000e+00
2.890402331099999742e+02,2.509999999999999787e+00
2.900403590469999813e+02,2.520000000000000018e+00
2.910404809699999760e+02,2.490000000000000213e+00
2.920406066770000280e+02,2.459999999999999964e+00
2.930407594459999814e+02,2.459999999999999964e+00
2.940409176590000015e+02,2.520000000000000018e+00
2.950410722839999949e+02,2.520000000000000018e+00
2.960412224749999837e+02,2.520000000000000018e+00
2.970413832890000094e+02,2.520000000000000018e+00
2.980415368409999815e+02,2.459999999999999964e+00
2.990416849970000044e+02,2.459999999999999964e+00
3.000418433859999823e+02,2.479999999999999982e+00
3.010419632819999833e+02,2.520000000000000018e+00
3.020421135009999603e+02,2.529999999999999805e+00
3.030422693099999947e+02,2.520000000000000018e+00
3.040424246819999894e+02,2.500000000000000000e+00
3.050425769899999864e+02,2.459999999999999964e+00
3.060427398450000283e+02,2.450000000000000178e+00
3.070428926499999989e+02,2.509999999999999787e+00
3.080430532590000325e+02,2.520000000000000018e+00
3.090432040119999897e+02,2.520000000000000018e+00
3.100433631579999769e+02,2.500000000000000000e+00
3.110435143629999857e+02,2.479999999999999982e+00
3.120436669700000039e+02,2.459999999999999964e+00
3.130438199719999943e+02,2.459999999999999964e+00
3.140439467780000200e+02,2.520000000000000018e+00
3.150441144700000109e+02,2.520000000000000018e+00
3.160442730920000258e+02,2.520000000000000018e+00
3.170443911830000161e+02,2.520000000000000018e+00
3.180445467920000056e+02,2.450000000000000178e+00
3.190447106670000039e+02,2.459999999999999964e+00
3.200448626400000194e+02,2.490000000000000213e+00
3.210450112899999908e+02,2.509999999999999787e+00
3.220451654759999656e+02,2.520000000000000018e+00
3.230453186679999931e+02,2.520000000000000018e+00
3.240454665419999856e+02,2.490000000000000213e+00
3.250456210959999908e+02,2.459999999999999964e+00
3.260457727049999903e+02,2.450000000000000178e+00
3.260981780140000410e+02,1.300000000000000044e-01
