1.000112555000000070e+00,5.699999999999999512e-01
2.000309831999999677e+00,2.600000000000000089e-01
3.000462493999999758e+00,2.200000000000000011e-01
4.000622198999999490e+00,2.300000000000000100e-01
5.000782931999999903e+00,2.300000000000000100e-01
6.000950571000000622e+00,2.399999999999999911e-01
7.001119623999999320e+00,2.200000000000000011e-01
8.001293806999999703e+00,7.700000000000000178e-01
9.001456666000001050e+00,8.000000000000000444e-01
1.000162022099999959e+01,1.330000000000000071e+00
1.100178696700000103e+01,1.020000000000000018e+00
1.200196653200000085e+01,8.599999999999999867e-01
1.300214556499999929e+01,8.100000000000000533e-01
1.400231991400000098e+01,7.800000000000000266e-01
1.500249456400000092e+01,7.500000000000000000e-01
1.600267010299999981e+01,7.199999999999999734e-01
1.700284663300000076e+01,6.500000000000000222e-01
1.800303144200000105e+01,5.600000000000000533e-01
1.900320608799999889e+01,5.100000000000000089e-01
2.000337919700000100e+01,5.000000000000000000e-01
2.100355360400000038e+01,5.200000000000000178e-01
2.200372196000000002e+01,5.200000000000000178e-01
2.300385382400000012e+01,6.099999999999999867e-01
2.400397872599999971e+01,6.700000000000000400e-01
2.500412243399999923e+01,4.199999999999999845e-01
2.600428123500000055e+01,2.000000000000000111e-01
2.700444405600000053e+01,1.799999999999999933e-01
2.800460944499999982e+01,1.900000000000000022e-01
2.900478000800000089e+01,1.900000000000000022e-01
3.000495429300000083e+01,1.900000000000000022e-01
3.100513577800000320e+01,1.900000000000000022e-01
3.200533018099999794e+01,2.000000000000000111e-01
3.300550236499999812e+01,2.000000000000000111e-01
3.400568497900000153e+01,2.000000000000000111e-01
3.500586890199999601e+01,2.099999999999999922e-01
3.600605176500000226e+01,2.099999999999999922e-01
3.700619332000000128e+01,2.099999999999999922e-01
3.800636074199999825e+01,2.099999999999999922e-01
3.900653141400000123e+01,2.200000000000000011e-01
4.000670079999999729e+01,2.200000000000000011e-01
4.100687475300000528e+01,2.200000000000000011e-01
4.200704951499999851e+01,2.200000000000000011e-01
4.300722143200000147e+01,2.200000000000000011e-01
4.400739467199999666e+01,2.200000000000000011e-01
4.500757310899999908e+01,2.200000000000000011e-01
4.600776663600000660e+01,2.200000000000000011e-01
4.700789413899999403e+01,2.200000000000000011e-01
4.800806044899999847e+01,2.300000000000000100e-01
4.900822894199999524e+01,2.200000000000000011e-01
5.000840027999999649e+01,2.300000000000000100e-01
5.100856990199999785e+01,2.300000000000000100e-01
5.200874017800000360e+01,2.300000000000000100e-01
5.300887285499999990e+01,2.300000000000000100e-01
5.400907500000000283e+01,2.300000000000000100e-01
5.500925473699999912e+01,2.300000000000000100e-01
5.600943561300000084e+01,2.300000000000000100e-01
5.700961599300000415e+01,2.300000000000000100e-01
5.800979435100000359e+01,2.300000000000000100e-01
5.900997685899999823e+01,2.300000000000000100e-01
6.001016849999999891e+01,2.300000000000000100e-01
6.101035407100000185e+01,2.300000000000000100e-01
6.201054898000000293e+01,2.300000000000000100e-01
6.301073223499999898e+01,2.399999999999999911e-01
6.401091204499999776e+01,2.300000000000000100e-01
6.501109456199999670e+01,2.300000000000000100e-01
6.601128378800000007e+01,2.300000000000000100e-01
6.701147607199999356e+01,2.300000000000000100e-01
6.801165880499999616e+01,2.300000000000000100e-01
6.901180533000000139e+01,2.300000000000000100e-01
7.001194409600000768e+01,2.300000000000000100e-01
7.101210258499999384e+01,2.399999999999999911e-01
7.201228895299999522e+01,2.300000000000000100e-01
7.301247430399999416e+01,2.300000000000000100e-01
7.401264689399999952e+01,2.399999999999999911e-01
7.501283384799999965e+01,2.399999999999999911e-01
7.601302297499999838e+01,2.300000000000000100e-01
7.701320812899999169e+01,2.300000000000000100e-01
7.801338927800000533e+01,2.399999999999999911e-01
7.901357944299999758e+01,2.399999999999999911e-01
8.001376678699999445e+01,2.500000000000000000e-01
8.101395546700000239e+01,2.500000000000000000e-01
8.201414176699999814e+01,2.399999999999999911e-01
8.301433505600000728e+01,2.399999999999999911e-01
8.401453674600000454e+01,2.399999999999999911e-01
8.501473103899999728e+01,2.399999999999999911e-01
8.601491710200001251e+01,2.399999999999999911e-01
8.701510762099999852e+01,2.600000000000000089e-01
8.801529930700000648e+01,2.600000000000000089e-01
8.901548984299999745e+01,2.600000000000000089e-01
9.001568380799999147e+01,2.800000000000000266e-01
9.101584211799999480e+01,2.500000000000000000e-01
9.201599645600001054e+01,2.700000000000000178e-01
9.301613767399999233e+01,2.600000000000000089e-01
9.401627503600001035e+01,2.600000000000000089e-01
9.501645137799999929e+01,2.899999999999999800e-01
9.601663178900000162e+01,2.899999999999999800e-01
9.701681202799998971e+01,2.800000000000000266e-01
9.801698838500000477e+01,2.999999999999999889e-01
9.901717091100000800e+01,2.999999999999999889e-01
1.000173497789999999e+02,3.099999999999999978e-01
1.010175359100000065e+02,3.099999999999999978e-01
1.020177232970000034e+02,3.200000000000000067e-01
1.030179043309999969e+02,3.200000000000000067e-01
1.040180863920000007e+02,3.300000000000000155e-01
1.050182753639999902e+02,3.699999999999999956e-01
1.060184580379999915e+02,3.599999999999999867e-01
1.070186419599999965e+02,3.499999999999999778e-01
1.080188375970000010e+02,3.900000000000000133e-01
1.090190191660000067e+02,3.300000000000000155e-01
1.100192063789999963e+02,4.299999999999999933e-01
1.110193846570000034e+02,4.600000000000000200e-01
1.120195609660000002e+02,5.000000000000000000e-01
1.130197517420000111e+02,5.000000000000000000e-01
1.140198849960000018e+02,5.100000000000000089e-01
1.150200530210000096e+02,5.100000000000000089e-01
1.160202269709999996e+02,5.100000000000000089e-01
1.170204028229999977e+02,7.600000000000000089e-01
1.180205699679999896e+02,1.120000000000000107e+00
1.190207327050000004e+02,1.370000000000000107e+00
1.200209000379999935e+02,1.810000000000000053e+00
1.210210666810000077e+02,1.800000000000000044e+00
1.220212335729999893e+02,9.399999999999999467e-01
1.230214131760000100e+02,9.699999999999999734e-01
1.240215805120000141e+02,1.229999999999999982e+00
1.250217492489999955e+02,1.219999999999999973e+00
1.260219141689999987e+02,1.379999999999999893e+00
1.270220785670000083e+02,1.060000000000000053e+00
1.280222441479999986e+02,3.300000000000000155e-01
1.290224117449999994e+02,3.300000000000000155e-01
1.300225764319999939e+02,3.099999999999999978e-01
1.310226998139999921e+02,2.999999999999999889e-01
1.320228809300000137e+02,3.099999999999999978e-01
1.330230563670000095e+02,2.899999999999999800e-01
1.340232326070000113e+02,2.800000000000000266e-01
1.350234040679999907e+02,2.999999999999999889e-01
1.360235921539999993e+02,2.999999999999999889e-01
1.370237675660000036e+02,2.800000000000000266e-01
1.380239453629999957e+02,2.899999999999999800e-01
1.390241057679999983e+02,2.800000000000000266e-01
1.400242818419999935e+02,2.700000000000000178e-01
1.410244607799999983e+02,2.899999999999999800e-01
1.420246350189999873e+02,2.800000000000000266e-01
1.430248034470000107e+02,2.800000000000000266e-01
1.440249800979999861e+02,2.800000000000000266e-01
1.450251527119999935e+02,2.700000000000000178e-01
1.460253328009999905e+02,2.700000000000000178e-01
1.470255108829999813e+02,2.800000000000000266e-01
1.480256885670000031e+02,2.800000000000000266e-01
1.490258718820000183e+02,2.700000000000000178e-01
1.500260607379999840e+02,2.700000000000000178e-01
1.510262469239999916e+02,2.700000000000000178e-01
1.520264286549999895e+02,2.700000000000000178e-01
1.530266298979999817e+02,2.800000000000000266e-01
1.540268133680000062e+02,2.700000000000000178e-01
1.550270008629999836e+02,2.600000000000000089e-01
1.560271884889999967e+02,2.700000000000000178e-01
1.570273652850000019e+02,2.700000000000000178e-01
1.580275461909999990e+02,2.700000000000000178e-01
1.590277257479999946e+02,2.700000000000000178e-01
1.600279172270000174e+02,2.800000000000000266e-01
1.610281028439999886e+02,2.700000000000000178e-01
1.620282854959999952e+02,2.700000000000000178e-01
1.630284696760000145e+02,2.600000000000000089e-01
1.640286550120000015e+02,2.600000000000000089e-01
1.650288495439999963e+02,2.600000000000000089e-01
1.660290438560000155e+02,2.600000000000000089e-01
1.670292286520000005e+02,2.600000000000000089e-01
1.680294243079999887e+02,2.600000000000000089e-01
1.690296132150000119e+02,2.500000000000000000e-01
1.700298138500000107e+02,2.600000000000000089e-01
1.710299563060000025e+02,2.600000000000000089e-01
1.720301433409999845e+02,2.700000000000000178e-01
1.730303355300000021e+02,2.700000000000000178e-01
1.740305323290000103e+02,2.700000000000000178e-01
1.750307235200000093e+02,2.700000000000000178e-01
1.760309093890000156e+02,2.800000000000000266e-01
1.770310955770000021e+02,2.899999999999999800e-01
1.780312854890000267e+02,2.800000000000000266e-01
1.790314766099999986e+02,2.999999999999999889e-01
1.800316703229999860e+02,2.999999999999999889e-01
1.810318370890000210e+02,2.899999999999999800e-01
1.820320209090000105e+02,3.200000000000000067e-01
1.830322112400000094e+02,3.099999999999999978e-01
1.840323959079999838e+02,2.999999999999999889e-01
1.850325789149999878e+02,3.200000000000000067e-01
1.860327687690000289e+02,2.899999999999999800e-01
1.870329685429999813e+02,3.099999999999999978e-01
1.880331526679999854e+02,3.200000000000000067e-01
1.890333326470000088e+02,3.200000000000000067e-01
1.900335181320000117e+02,3.300000000000000155e-01
1.910337032009999803e+02,3.300000000000000155e-01
1.920338879679999877e+02,3.300000000000000155e-01
1.930340684340000053e+02,3.200000000000000067e-01
1.940342548009999746e+02,3.499999999999999778e-01
1.950344479440000214e+02,3.400000000000000244e-01
1.960346403609999868e+02,3.300000000000000155e-01
1.970348237609999842e+02,3.300000000000000155e-01
1.980350152569999977e+02,3.200000000000000067e-01
1.990352048840000236e+02,3.300000000000000155e-01
2.000353915549999897e+02,3.300000000000000155e-01
2.010355347859999711e+02,3.400000000000000244e-01
2.020356997709999973e+02,4.000000000000000222e-01
2.030358608990000278e+02,3.900000000000000133e-01
2.040360158959999808e+02,3.800000000000000044e-01
2.050361718700000040e+02,3.900000000000000133e-01
2.060363145690000124e+02,4.099999999999999756e-01
2.070364623670000128e+02,4.500000000000000111e-01
2.080366145540000105e+02,5.000000000000000000e-01
2.090367650249999940e+02,5.100000000000000089e-01
2.100369245709999859e+02,5.000000000000000000e-01
2.110370806209999728e+02,5.000000000000000000e-01
2.120372276600000134e+02,5.000000000000000000e-01
2.130373817929999802e+02,5.000000000000000000e-01
2.140375507900000116e+02,6.700000000000000400e-01
2.150376903270000071e+02,9.699999999999999734e-01
2.160378315909999856e+02,1.060000000000000053e+00
2.170379673649999859e+02,1.070000000000000062e+00
2.180380997990000083e+02,1.139999999999999902e+00
2.190382313440000246e+02,1.060000000000000053e+00
2.200383657120000009e+02,1.250000000000000000e+00
2.210384969340000225e+02,1.199999999999999956e+00
2.220386340070000131e+02,7.299999999999999822e-01
2.230387773109999898e+02,3.099999999999999978e-01
2.240389214100000004e+02,2.999999999999999889e-01
2.250390680729999815e+02,3.099999999999999978e-01
2.260392121309999709e+02,2.899999999999999800e-01
2.270393557190000138e+02,2.899999999999999800e-01
2.280395038390000195e+02,2.899999999999999800e-01
2.290396414020000009e+02,2.899999999999999800e-01
2.300397836690000020e+02,2.899999999999999800e-01
2.310399139459999844e+02,2.899999999999999800e-01
2.320400624340000206e+02,2.800000000000000266e-01
2.330402077470000108e+02,2.800000000000000266e-01
2.340403638709999825e+02,2.800000000000000266e-01
2.350405037920000098e+02,2.800000000000000266e-01
2.360406571549999910e+02,2.899999999999999800e-01
2.370408002800000133e+02,2.999999999999999889e-01
2.380409569890000228e+02,2.899999999999999800e-01
2.390411110450000081e+02,2.800000000000000266e-01
2.400412768580000034e+02,2.800000000000000266e-01
2.410414370780000013e+02,2.800000000000000266e-01
2.420415934600000014e+02,2.800000000000000266e-01
2.430417528040000263e+02,2.899999999999999800e-01
2.440419232709999733e+02,2.899999999999999800e-01
2.450420840459999852e+02,2.899999999999999800e-01
2.460422412090000250e+02,2.899999999999999800e-01
2.470424019659999715e+02,3.099999999999999978e-01
2.480425652829999876e+02,2.999999999999999889e-01
2.490427249859999961e+02,3.099999999999999978e-01
2.500428875929999890e+02,3.200000000000000067e-01
2.510430502359999707e+02,3.300000000000000155e-01
2.520432140440000239e+02,3.300000000000000155e-01
2.530433749070000147e+02,3.499999999999999778e-01
2.540435318390000248e+02,3.599999999999999867e-01
2.550436905009999862e+02,3.900000000000000133e-01
2.560438636470000233e+02,4.099999999999999756e-01
2.570440197870000247e+02,4.400000000000000022e-01
2.580441789829999948e+02,4.600000000000000200e-01
2.590443339359999868e+02,4.899999999999999911e-01
2.600444824969999900e+02,5.200000000000000178e-01
2.610446300350000115e+02,5.400000000000000355e-01
2.620447815489999925e+02,5.500000000000000444e-01
2.630449244449999924e+02,6.899999999999999467e-01
2.640450922480000031e+02,9.499999999999999556e-01
2.650452304859999799e+02,8.699999999999999956e-01
2.660453649279999695e+02,1.729999999999999982e+00
2.670454979680000065e+02,8.499999999999999778e-01
2.680456298049999759e+02,9.300000000000000488e-01
2.690457615280000141e+02,1.219999999999999973e+00
2.700458958170000301e+02,1.320000000000000062e+00
2.710460306020000303e+02,1.080000000000000071e+00
2.720461677929999951e+02,4.500000000000000111e-01
2.730463130979999846e+02,3.300000000000000155e-01
2.740464625809999575e+02,2.999999999999999889e-01
2.750466321679999737e+02,2.800000000000000266e-01
2.760467808469999795e+02,2.899999999999999800e-01
2.770469303170000330e+02,2.899999999999999800e-01
2.780470815680000101e+02,2.899999999999999800e-01
2.790472344429999794e+02,2.899999999999999800e-01
2.800473855679999815e+02,2.899999999999999800e-01
2.810475404869999920e+02,2.800000000000000266e-01
2.820477036490000273e+02,2.800000000000000266e-01
2.830478778990000137e+02,2.800000000000000266e-01
2.840480305699999803e+02,2.800000000000000266e-01
2.850481835979999801e+02,2.800000000000000266e-01
2.860483409419999816e+02,2.800000000000000266e-01
2.870485007130000099e+02,2.700000000000000178e-01
2.880486670600000139e+02,2.800000000000000266e-01
2.890488312150000070e+02,2.800000000000000266e-01
2.900489817150000249e+02,2.999999999999999889e-01
2.910491422320000083e+02,3.099999999999999978e-01
2.920493012160000035e+02,3.300000000000000155e-01
2.930494579969999904e+02,3.599999999999999867e-01
2.940496205890000283e+02,3.900000000000000133e-01
2.950497789579999903e+02,4.500000000000000111e-01
2.960499282850000213e+02,4.799999999999999822e-01
2.970500825799999802e+02,5.000000000000000000e-01
2.980502280459999724e+02,5.000000000000000000e-01
2.990503805769999985e+02,5.200000000000000178e-01
3.000505308159999913e+02,5.100000000000000089e-01
3.010506850720000216e+02,5.100000000000000089e-01
3.020508401470000308e+02,5.100000000000000089e-01
3.030509887769999864e+02,5.200000000000000178e-01
3.040511409999999728e+02,5.200000000000000178e-01
3.050512980729999981e+02,5.200000000000000178e-01
3.060514686000000211e+02,5.100000000000000089e-01
3.070516254899999922e+02,5.100000000000000089e-01
3.080517732120000005e+02,5.699999999999999512e-01
3.090519041840000227e+02,8.699999999999999956e-01
3.100520356320000133e+02,8.000000000000000444e-01
3.110521668800000157e+02,4.500000000000000111e-01
3.120522971749999783e+02,4.299999999999999933e-01
3.130524336720000065e+02,9.599999999999999645e-01
3.140525717649999820e+02,9.899999999999999911e-01
3.150527219699999932e+02,4.500000000000000111e-01
3.160528672500000198e+02,3.400000000000000244e-01
3.170530169179999689e+02,2.899999999999999800e-01
3.180531701730000123e+02,2.999999999999999889e-01
3.190533217729999933e+02,2.800000000000000266e-01
3.200534774320000224e+02,2.800000000000000266e-01
3.210536302460000115e+02,2.899999999999999800e-01
3.220537924159999648e+02,2.800000000000000266e-01
3.230539556129999710e+02,2.800000000000000266e-01
3.240541176940000128e+02,2.700000000000000178e-01
3.250542800879999845e+02,2.999999999999999889e-01
3.260544449270000200e+02,3.300000000000000155e-01
3.270546066890000247e+02,3.800000000000000044e-01
3.280547621150000168e+02,4.199999999999999845e-01
3.290549214409999763e+02,4.600000000000000200e-01
3.300550815340000099e+02,5.200000000000000178e-01
3.310552375120000193e+02,5.500000000000000444e-01
3.320553921339999874e+02,5.500000000000000444e-01
3.330555375920000074e+02,5.400000000000000355e-01
3.340556783090000295e+02,6.500000000000000222e-01
3.350558192780000013e+02,3.499999999999999778e-01
3.360559667179999792e+02,2.000000000000000042e-02
3.370561445299999832e+02,2.000000000000000042e-02
3.380562906760000033e+02,2.000000000000000042e-02
3.389315569030000006e+02,1.900000000000000022e-01
