1.000106737999999940e+00,1.510000000000000009e+00
2.000285573000000205e+00,1.649999999999999911e+00
3.000429588999999897e+00,1.689999999999999947e+00
4.000573579000000102e+00,1.689999999999999947e+00
5.000719441000000209e+00,1.679999999999999938e+00
6.000886112999999966e+00,1.699999999999999956e+00
7.001033158999999451e+00,1.669999999999999929e+00
8.001181817999999168e+00,1.679999999999999938e+00
9.001327962000001293e+00,1.699999999999999956e+00
1.000147503500000035e+01,1.699999999999999956e+00
1.100162333499999967e+01,1.689999999999999947e+00
1.200177208000000029e+01,1.679999999999999938e+00
1.300192096900000038e+01,1.689999999999999947e+00
1.400207145700000133e+01,1.669999999999999929e+00
1.500221910599999831e+01,1.709999999999999964e+00
1.600236930499999843e+01,1.719999999999999973e+00
1.700252096599999874e+01,1.770000000000000018e+00
1.800267739799999944e+01,1.770000000000000018e+00
1.900282347699999974e+01,1.800000000000000044e+00
2.000297171900000137e+01,1.820000000000000062e+00
2.100311884299999932e+01,1.729999999999999982e+00
2.200327878800000292e+01,1.750000000000000000e+00
2.300342643800000175e+01,1.870000000000000107e+00
2.400357250000000064e+01,1.699999999999999956e+00
2.500372070800000301e+01,1.760000000000000009e+00
2.600387032500000117e+01,1.669999999999999929e+00
2.700401652199999702e+01,1.679999999999999938e+00
2.800417155099999889e+01,1.679999999999999938e+00
2.900431989400000177e+01,1.750000000000000000e+00
3.000447429599999793e+01,1.729999999999999982e+00
3.100463045699999753e+01,1.780000000000000027e+00
3.200478032499999870e+01,1.780000000000000027e+00
3.300492914800000221e+01,1.750000000000000000e+00
3.400507563200000050e+01,1.760000000000000009e+00
3.500522324599999990e+01,1.699999999999999956e+00
3.600537218499999881e+01,1.699999999999999956e+00
3.700552572699999843e+01,1.719999999999999973e+00
3.800567498400000233e+01,1.689999999999999947e+00
3.900582211500000085e+01,1.699999999999999956e+00
4.000597024400000379e+01,1.659999999999999920e+00
4.100611954899999745e+01,1.709999999999999964e+00
4.200627210500000075e+01,1.699999999999999956e+00
4.300642257899999521e+01,1.709999999999999964e+00
4.400657130100000103e+01,1.709999999999999964e+00
4.500671794899999867e+01,1.729999999999999982e+00
4.600686409699999757e+01,1.669999999999999929e+00
4.700701102899999739e+01,1.770000000000000018e+00
4.800716531899999495e+01,1.709999999999999964e+00
4.900727810600000112e+01,1.689999999999999947e+00
5.000741536999999681e+01,1.699999999999999956e+00
5.100756322699999856e+01,1.679999999999999938e+00
5.200770627699999693e+01,1.689999999999999947e+00
5.300785515899999467e+01,1.739999999999999991e+00
5.400800574699999856e+01,1.689999999999999947e+00
5.500816106699999608e+01,1.750000000000000000e+00
5.600831120800000207e+01,1.729999999999999982e+00
5.700845894899999422e+01,1.689999999999999947e+00
5.800860706600000327e+01,1.679999999999999938e+00
5.900875638800000189e+01,1.689999999999999947e+00
6.000890310999999855e+01,1.679999999999999938e+00
6.100905120100000545e+01,1.739999999999999991e+00
6.200921568999999778e+01,1.729999999999999982e+00
6.300936026800000178e+01,1.739999999999999991e+00
6.400951705500000344e+01,1.729999999999999982e+00
6.500966473600000484e+01,1.760000000000000009e+00
6.600980925499999330e+01,1.760000000000000009e+00
6.700996065799999712e+01,1.739999999999999991e+00
6.801010919799999499e+01,1.760000000000000009e+00
6.901025473899998985e+01,1.729999999999999982e+00
7.001041303799999582e+01,1.689999999999999947e+00
7.101057566999999437e+01,1.679999999999999938e+00
7.201072134000000347e+01,1.719999999999999973e+00
7.301086675800000592e+01,1.739999999999999991e+00
7.401101691899999935e+01,1.729999999999999982e+00
7.501116929699999503e+01,1.689999999999999947e+00
7.601131634800000825e+01,1.669999999999999929e+00
7.701146538599999758e+01,1.739999999999999991e+00
7.801161279899999101e+01,1.750000000000000000e+00
7.901176429699999915e+01,1.679999999999999938e+00
8.001191091799999811e+01,1.699999999999999956e+00
8.101205980299999965e+01,1.699999999999999956e+00
8.201221555800000829e+01,1.719999999999999973e+00
8.301236520300000166e+01,1.699999999999999956e+00
8.401251812699999277e+01,1.699999999999999956e+00
8.501266499800000531e+01,1.699999999999999956e+00
8.601281189600000232e+01,1.679999999999999938e+00
8.701295779899999161e+01,1.659999999999999920e+00
8.801310469399999192e+01,1.719999999999999973e+00
8.901325197900000319e+01,1.699999999999999956e+00
9.001339904200000319e+01,1.729999999999999982e+00
9.101354901399999164e+01,1.750000000000000000e+00
9.201370365500000048e+01,1.739999999999999991e+00
9.301385086200001240e+01,1.709999999999999964e+00
9.401399929500000496e+01,1.689999999999999947e+00
9.501414755599999751e+01,1.689999999999999947e+00
9.601429502799999227e+01,1.699999999999999956e+00
9.701444227799998998e+01,1.679999999999999938e+00
9.801458903500000019e+01,1.719999999999999973e+00
9.901473708000000329e+01,1.750000000000000000e+00
1.000148888370000009e+02,1.729999999999999982e+00
1.010150369260000076e+02,1.729999999999999982e+00
1.020151879260000101e+02,1.719999999999999973e+00
1.030152991199999946e+02,1.729999999999999982e+00
1.040154487879999863e+02,1.719999999999999973e+00
1.050156012620000041e+02,1.699999999999999956e+00
1.060157474699999938e+02,1.750000000000000000e+00
1.070158986550000009e+02,1.739999999999999991e+00
1.080160462460000019e+02,1.750000000000000000e+00
1.090161963449999973e+02,1.729999999999999982e+00
1.100163448979999856e+02,1.739999999999999991e+00
1.110164941660000011e+02,1.739999999999999991e+00
1.120166445090000025e+02,1.739999999999999991e+00
1.130167939779999955e+02,1.760000000000000009e+00
1.140169442570000058e+02,1.760000000000000009e+00
1.150170932890000017e+02,1.750000000000000000e+00
1.160172495070000025e+02,1.750000000000000000e+00
1.170174015550000064e+02,1.739999999999999991e+00
1.180175542650000011e+02,1.729999999999999982e+00
1.190177213779999903e+02,1.760000000000000009e+00
1.200178686510000006e+02,1.739999999999999991e+00
1.210180186979999917e+02,1.770000000000000018e+00
1.220239156210000004e+02,1.760000000000000009e+00
1.230240678060000050e+02,1.760000000000000009e+00
1.240242164389999999e+02,1.750000000000000000e+00
1.250243690220000019e+02,1.739999999999999991e+00
1.260245178220000071e+02,1.709999999999999964e+00
1.270246675399999958e+02,1.719999999999999973e+00
1.280248186729999986e+02,1.750000000000000000e+00
1.290249674910000124e+02,1.750000000000000000e+00
1.300251207450000095e+02,1.739999999999999991e+00
1.310252644990000022e+02,1.729999999999999982e+00
1.320253767540000069e+02,1.719999999999999973e+00
1.330255278329999840e+02,1.780000000000000027e+00
1.340256767970000169e+02,1.739999999999999991e+00
1.350258276749999879e+02,1.729999999999999982e+00
1.360259748450000075e+02,1.760000000000000009e+00
1.370261244429999863e+02,1.780000000000000027e+00
1.380262726979999854e+02,1.760000000000000009e+00
1.390264306839999904e+02,1.760000000000000009e+00
1.400265775420000125e+02,1.750000000000000000e+00
1.410267270159999953e+02,1.750000000000000000e+00
1.420268778639999994e+02,1.750000000000000000e+00
1.430270269149999933e+02,1.760000000000000009e+00
1.440271786039999995e+02,1.739999999999999991e+00
1.450273311200000137e+02,1.729999999999999982e+00
1.460274791500000049e+02,1.780000000000000027e+00
1.470276276470000028e+02,1.800000000000000044e+00
1.480277742309999951e+02,1.780000000000000027e+00
1.490279257429999973e+02,1.770000000000000018e+00
1.500280740389999892e+02,1.780000000000000027e+00
1.510282232060000069e+02,1.770000000000000018e+00
1.520283819750000021e+02,1.729999999999999982e+00
1.530285241939999992e+02,1.729999999999999982e+00
1.540286750649999874e+02,1.750000000000000000e+00
1.550287810129999855e+02,1.729999999999999982e+00
1.560289354239999966e+02,1.689999999999999947e+00
1.570290886250000142e+02,1.790000000000000036e+00
1.580292533279999816e+02,1.709999999999999964e+00
1.590294026710000139e+02,1.719999999999999973e+00
1.600295506470000078e+02,1.770000000000000018e+00
1.610297002279999958e+02,1.760000000000000009e+00
1.620298483910000016e+02,1.770000000000000018e+00
1.630299972130000015e+02,1.739999999999999991e+00
1.640301438879999978e+02,1.729999999999999982e+00
1.650302958129999809e+02,1.739999999999999991e+00
1.660304454959999987e+02,1.729999999999999982e+00
1.670305943710000065e+02,1.750000000000000000e+00
1.680307441180000012e+02,1.750000000000000000e+00
1.690308943500000112e+02,1.770000000000000018e+00
1.700310429429999886e+02,1.760000000000000009e+00
1.710311894520000067e+02,1.770000000000000018e+00
1.720313355119999983e+02,1.770000000000000018e+00
1.730314857359999792e+02,1.790000000000000036e+00
1.740316360270000189e+02,1.790000000000000036e+00
1.750317876809999973e+02,1.770000000000000018e+00
1.760319354390000228e+02,1.770000000000000018e+00
1.770320816470000125e+02,1.770000000000000018e+00
1.780322298899999964e+02,1.760000000000000009e+00
1.790323798800000077e+02,1.760000000000000009e+00
1.800325323059999789e+02,1.760000000000000009e+00
1.810326809370000092e+02,1.770000000000000018e+00
1.820328409200000124e+02,1.790000000000000036e+00
1.830329880940000180e+02,1.760000000000000009e+00
1.840331370350000100e+02,1.760000000000000009e+00
1.850332864709999967e+02,1.770000000000000018e+00
1.860334379420000062e+02,1.760000000000000009e+00
1.870335905470000171e+02,1.750000000000000000e+00
1.880337363290000212e+02,1.719999999999999973e+00
1.890338818719999949e+02,1.750000000000000000e+00
1.900340309409999975e+02,1.739999999999999991e+00
1.910341807740000206e+02,1.770000000000000018e+00
1.920343393800000058e+02,1.729999999999999982e+00
1.930344891969999992e+02,1.750000000000000000e+00
1.940346412119999968e+02,1.750000000000000000e+00
1.950347880049999958e+02,1.719999999999999973e+00
1.960349357979999922e+02,1.750000000000000000e+00
1.970350904229999855e+02,1.760000000000000009e+00
1.980351893330000053e+02,1.770000000000000018e+00
1.990353375640000024e+02,1.770000000000000018e+00
2.000354869820000090e+02,1.760000000000000009e+00
2.010356351059999724e+02,1.750000000000000000e+00
2.020357865999999945e+02,1.750000000000000000e+00
2.030359340429999975e+02,1.709999999999999964e+00
2.040360857179999812e+02,1.729999999999999982e+00
2.050362347070000055e+02,1.750000000000000000e+00
2.060363832150000007e+02,1.729999999999999982e+00
2.070365330820000054e+02,1.750000000000000000e+00
2.080366828220000173e+02,1.750000000000000000e+00
2.090368342729999824e+02,1.760000000000000009e+00
2.100369836220000082e+02,1.750000000000000000e+00
2.110371346599999924e+02,1.739999999999999991e+00
2.120372869150000099e+02,1.750000000000000000e+00
2.130374499890000095e+02,1.709999999999999964e+00
2.140375962020000031e+02,1.739999999999999991e+00
2.150377438490000088e+02,1.739999999999999991e+00
2.160378945170000122e+02,1.750000000000000000e+00
2.170380470700000046e+02,1.750000000000000000e+00
2.180381952699999886e+02,1.739999999999999991e+00
2.190383437079999851e+02,1.760000000000000009e+00
2.200384904070000118e+02,1.750000000000000000e+00
2.210386388229999852e+02,1.729999999999999982e+00
2.220387881329999971e+02,1.770000000000000018e+00
2.230389360979999935e+02,1.840000000000000080e+00
2.240390833890000124e+02,1.840000000000000080e+00
2.250391918029999943e+02,1.790000000000000036e+00
2.260393022469999948e+02,1.790000000000000036e+00
2.270394203630000050e+02,1.760000000000000009e+00
2.280395581040000081e+02,1.750000000000000000e+00
2.290396827529999939e+02,1.739999999999999991e+00
2.300398086630000023e+02,1.780000000000000027e+00
2.310399367999999924e+02,1.679999999999999938e+00
2.320400652849999972e+02,1.600000000000000089e+00
2.330401979519999998e+02,1.590000000000000080e+00
2.340403298570000175e+02,1.570000000000000062e+00
2.350404566770000088e+02,1.620000000000000107e+00
2.360405798540000148e+02,1.620000000000000107e+00
2.370407035169999972e+02,1.590000000000000080e+00
2.380408633890000090e+02,1.600000000000000089e+00
2.390410194740000236e+02,1.620000000000000107e+00
2.400411767729999895e+02,1.610000000000000098e+00
2.410413260020000052e+02,1.600000000000000089e+00
2.420414782500000115e+02,1.600000000000000089e+00
2.430416477949999887e+02,1.600000000000000089e+00
2.440418010100000004e+02,1.590000000000000080e+00
2.450419503609999765e+02,1.580000000000000071e+00
2.460421003099999950e+02,1.560000000000000053e+00
2.470422572640000283e+02,1.570000000000000062e+00
2.480424083050000092e+02,1.550000000000000044e+00
2.490425610620000043e+02,1.550000000000000044e+00
2.500427102359999765e+02,1.520000000000000018e+00
2.510428649929999949e+02,1.600000000000000089e+00
2.520430159430000003e+02,1.610000000000000098e+00
2.530431699929999922e+02,1.639999999999999902e+00
2.540433209159999706e+02,1.620000000000000107e+00
2.550434736520000172e+02,1.629999999999999893e+00
2.560436254150000082e+02,1.629999999999999893e+00
2.570437763740000037e+02,1.600000000000000089e+00
2.580439257689999977e+02,1.600000000000000089e+00
2.590440793479999684e+02,1.610000000000000098e+00
2.600442290240000034e+02,1.600000000000000089e+00
2.610443472470000188e+02,1.620000000000000107e+00
2.620445002729999828e+02,1.610000000000000098e+00
2.630446351279999817e+02,1.590000000000000080e+00
2.640448168709999663e+02,1.750000000000000000e+00
2.650449677999999949e+02,1.810000000000000053e+00
2.660451127240000346e+02,1.810000000000000053e+00
2.670452589930000045e+02,1.790000000000000036e+00
2.680454104329999723e+02,1.750000000000000000e+00
2.690455585180000071e+02,1.770000000000000018e+00
2.700457074149999812e+02,1.790000000000000036e+00
2.710458543709999617e+02,1.790000000000000036e+00
2.720460096340000291e+02,1.770000000000000018e+00
2.730461771159999671e+02,1.780000000000000027e+00
2.740463348949999727e+02,1.790000000000000036e+00
2.750464835380000181e+02,1.790000000000000036e+00
2.760466378009999744e+02,1.780000000000000027e+00
2.770467836079999984e+02,1.800000000000000044e+00
2.780469372520000206e+02,1.760000000000000009e+00
2.790470871659999830e+02,1.729999999999999982e+00
2.800472504109999932e+02,1.790000000000000036e+00
2.810473987159999751e+02,1.770000000000000018e+00
2.820475523079999789e+02,1.790000000000000036e+00
2.830477025669999875e+02,1.760000000000000009e+00
2.840478541140000175e+02,1.800000000000000044e+00
2.850480083350000200e+02,1.800000000000000044e+00
2.860481660649999753e+02,1.800000000000000044e+00
2.870483198929999844e+02,1.780000000000000027e+00
2.880484716099999787e+02,1.790000000000000036e+00
2.890486240179999982e+02,1.780000000000000027e+00
2.900487724640000238e+02,1.790000000000000036e+00
2.910489221920000205e+02,1.790000000000000036e+00
2.920490728590000344e+02,1.780000000000000027e+00
2.930492241690000128e+02,1.750000000000000000e+00
2.940493723420000265e+02,1.760000000000000009e+00
2.950495238080000036e+02,1.790000000000000036e+00
2.960496715959999960e+02,1.770000000000000018e+00
2.970498208399999953e+02,1.770000000000000018e+00
2.980499747879999859e+02,1.780000000000000027e+00
2.990501247079999985e+02,1.739999999999999991e+00
3.000502769429999717e+02,1.780000000000000027e+00
3.010504246890000104e+02,1.780000000000000027e+00
3.020505789729999719e+02,1.800000000000000044e+00
3.030507403390000150e+02,1.760000000000000009e+00
3.040508912590000250e+02,1.750000000000000000e+00
3.050510408279999979e+02,1.760000000000000009e+00
3.060511922860000027e+02,1.760000000000000009e+00
3.070513408179999715e+02,1.770000000000000018e+00
3.080514920859999961e+02,1.739999999999999991e+00
3.090516403139999966e+02,1.739999999999999991e+00
3.100517909170000053e+02,1.750000000000000000e+00
3.110519398859999569e+02,1.739999999999999991e+00
3.120520845839999993e+02,1.750000000000000000e+00
3.130522327310000037e+02,1.820000000000000062e+00
3.140523800199999869e+02,1.790000000000000036e+00
3.150525268499999925e+02,1.820000000000000062e+00
3.160526397790000033e+02,1.800000000000000044e+00
3.170527924310000003e+02,1.790000000000000036e+00
3.180529411609999784e+02,1.790000000000000036e+00
3.190530929870000136e+02,1.830000000000000071e+00
3.200532493320000071e+02,1.810000000000000053e+00
3.210534022159999950e+02,1.800000000000000044e+00
3.220535565750000160e+02,1.770000000000000018e+00
3.230537098409999999e+02,1.760000000000000009e+00
3.240538622340000074e+02,1.790000000000000036e+00
3.250540129640000373e+02,1.810000000000000053e+00
3.260541612100000179e+02,1.820000000000000062e+00
3.270543120120000253e+02,1.800000000000000044e+00
3.280544647689999920e+02,1.800000000000000044e+00
3.290546208019999881e+02,1.780000000000000027e+00
3.300547683880000136e+02,1.790000000000000036e+00
3.310549193950000131e+02,1.800000000000000044e+00
3.320550674870000307e+02,1.800000000000000044e+00
3.330552277870000353e+02,1.810000000000000053e+00
3.340553795529999661e+02,1.800000000000000044e+00
3.350555324509999764e+02,1.830000000000000071e+00
3.360556791509999925e+02,1.800000000000000044e+00
3.370558284169999865e+02,1.770000000000000018e+00
3.380559821969999916e+02,1.780000000000000027e+00
3.390561359840000364e+02,1.780000000000000027e+00
3.400562883890000307e+02,1.790000000000000036e+00
3.410564413399999921e+02,1.810000000000000053e+00
3.420565978349999909e+02,1.820000000000000062e+00
3.430567450659999622e+02,1.790000000000000036e+00
3.440569000869999741e+02,1.810000000000000053e+00
3.450570501269999681e+02,1.790000000000000036e+00
3.460572005730000456e+02,1.760000000000000009e+00
3.470573485549999759e+02,1.800000000000000044e+00
3.480574985760000004e+02,1.810000000000000053e+00
3.490576465450000114e+02,1.790000000000000036e+00
3.500577969080000571e+02,1.800000000000000044e+00
3.510579534530000387e+02,1.760000000000000009e+00
3.520581045890000382e+02,1.790000000000000036e+00
3.530582521280000492e+02,1.800000000000000044e+00
3.540584005489999981e+02,1.780000000000000027e+00
3.550585474800000156e+02,1.780000000000000027e+00
3.560586973030000308e+02,1.750000000000000000e+00
3.570588495200000239e+02,1.770000000000000018e+00
3.580590068180000571e+02,1.770000000000000018e+00
3.590591593849999867e+02,1.780000000000000027e+00
3.600592718699999750e+02,1.800000000000000044e+00
3.610594199790000403e+02,1.790000000000000036e+00
3.620595683980000103e+02,1.790000000000000036e+00
3.630597298969999542e+02,1.760000000000000009e+00
3.640598840819999964e+02,1.770000000000000018e+00
3.650600379169999883e+02,1.770000000000000018e+00
3.660601885180000181e+02,1.770000000000000018e+00
3.670603371469999843e+02,1.810000000000000053e+00
3.680604880069999467e+02,1.790000000000000036e+00
3.690606383310000069e+02,1.780000000000000027e+00
3.700607914490000212e+02,1.780000000000000027e+00
3.710609457069999735e+02,1.810000000000000053e+00
3.720610960949999821e+02,1.810000000000000053e+00
3.730612460099999907e+02,1.830000000000000071e+00
3.740613974959999837e+02,1.820000000000000062e+00
3.750615500609999913e+02,1.830000000000000071e+00
3.760617006990000277e+02,1.840000000000000080e+00
3.770618518269999413e+02,1.840000000000000080e+00
3.780620000709999999e+02,1.830000000000000071e+00
3.790621485530000427e+02,1.810000000000000053e+00
3.800622981949999826e+02,1.830000000000000071e+00
3.810624486350000097e+02,1.830000000000000071e+00
3.820626039509999714e+02,1.830000000000000071e+00
3.830627545109999801e+02,1.800000000000000044e+00
3.840628731940000193e+02,1.810000000000000053e+00
3.850630048699999861e+02,1.830000000000000071e+00
3.860631282069999770e+02,1.820000000000000062e+00
3.870632563140000002e+02,1.820000000000000062e+00
3.880634117390000029e+02,1.810000000000000053e+00
3.890635580680000203e+02,1.800000000000000044e+00
3.900637115459999791e+02,1.800000000000000044e+00
3.910638606680000180e+02,1.780000000000000027e+00
3.920640097790000027e+02,1.810000000000000053e+00
3.930641645180000410e+02,1.800000000000000044e+00
3.940643182750000051e+02,1.820000000000000062e+00
3.950644672959999752e+02,1.850000000000000089e+00
3.960646130950000270e+02,1.850000000000000089e+00
3.970647623959999919e+02,1.840000000000000080e+00
3.980649112790000004e+02,1.830000000000000071e+00
3.990650593249999929e+02,1.800000000000000044e+00
4.000652139960000113e+02,1.830000000000000071e+00
4.010653705349999996e+02,1.830000000000000071e+00
4.020655195200000094e+02,1.840000000000000080e+00
4.030656701480000379e+02,1.810000000000000053e+00
4.040658195919999685e+02,1.820000000000000062e+00
4.050659694940000009e+02,1.790000000000000036e+00
4.060661225019999847e+02,1.820000000000000062e+00
4.070662725750000277e+02,1.790000000000000036e+00
4.080664223809999953e+02,1.790000000000000036e+00
4.090665690199999744e+02,1.800000000000000044e+00
4.100667206780000242e+02,1.810000000000000053e+00
4.110668722609999577e+02,1.699999999999999956e+00
4.120670283280000490e+02,1.739999999999999991e+00
4.130671802430000525e+02,1.739999999999999991e+00
4.140673283390000279e+02,1.729999999999999982e+00
4.150674805040000024e+02,1.739999999999999991e+00
4.160676269519999551e+02,1.739999999999999991e+00
4.170677846580000505e+02,1.760000000000000009e+00
4.180679362140000421e+02,1.750000000000000000e+00
4.190680896330000564e+02,1.790000000000000036e+00
4.200682388180000544e+02,1.719999999999999973e+00
4.210683852450000018e+02,1.739999999999999991e+00
4.220685348650000037e+02,1.760000000000000009e+00
4.230686866099999861e+02,1.729999999999999982e+00
4.240746537150000108e+02,1.689999999999999947e+00
4.250747996409999701e+02,1.669999999999999929e+00
4.260749511880000568e+02,1.689999999999999947e+00
4.270750960330000225e+02,1.679999999999999938e+00
4.280752539869999964e+02,1.679999999999999938e+00
4.290754024030000551e+02,1.689999999999999947e+00
4.300755522590000055e+02,1.709999999999999964e+00
4.310757030709999640e+02,1.750000000000000000e+00
4.320758538069999872e+02,1.729999999999999982e+00
4.330760005909999677e+02,1.739999999999999991e+00
4.340761496590000093e+02,1.729999999999999982e+00
4.350763020599999891e+02,1.760000000000000009e+00
4.360764490269999669e+02,1.750000000000000000e+00
4.370765937530000542e+02,1.770000000000000018e+00
4.380767445619999876e+02,1.770000000000000018e+00
4.390768912799999839e+02,1.780000000000000027e+00
4.400770384119999790e+02,1.770000000000000018e+00
4.410771898559999613e+02,1.770000000000000018e+00
4.420773375740000120e+02,1.770000000000000018e+00
4.430774860989999979e+02,1.790000000000000036e+00
4.440776376409999671e+02,1.770000000000000018e+00
4.450777864369999861e+02,1.780000000000000027e+00
4.460779421959999809e+02,1.729999999999999982e+00
4.470780944290000321e+02,1.739999999999999991e+00
4.480782496369999421e+02,1.729999999999999982e+00
4.490784004119999508e+02,1.739999999999999991e+00
4.500785489709999752e+02,1.729999999999999982e+00
4.510786995380000235e+02,1.719999999999999973e+00
4.520788573759999736e+02,1.719999999999999973e+00
4.530790120259999867e+02,1.709999999999999964e+00
4.540791781519999972e+02,1.699999999999999956e+00
4.550793306150000035e+02,1.709999999999999964e+00
4.560794665239999972e+02,1.709999999999999964e+00
4.570796095480000076e+02,1.719999999999999973e+00
4.580797626550000246e+02,1.719999999999999973e+00
4.590799167980000561e+02,1.709999999999999964e+00
4.600800663850000092e+02,1.719999999999999973e+00
4.610802167539999914e+02,1.719999999999999973e+00
4.620803664000000026e+02,1.770000000000000018e+00
4.630805169340000020e+02,1.770000000000000018e+00
4.640806672549999803e+02,1.760000000000000009e+00
4.650808150839999939e+02,1.750000000000000000e+00
4.660809644999999932e+02,1.750000000000000000e+00
4.670811168710000061e+02,1.729999999999999982e+00
4.680812680159999672e+02,1.699999999999999956e+00
4.690814207290000013e+02,1.750000000000000000e+00
4.700815765219999776e+02,1.760000000000000009e+00
4.710817306700000131e+02,1.760000000000000009e+00
4.720818868299999735e+02,1.719999999999999973e+00
4.730820424880000132e+02,1.729999999999999982e+00
4.740822086530000092e+02,1.709999999999999964e+00
4.750823619880000024e+02,1.699999999999999956e+00
4.760825184080000554e+02,1.739999999999999991e+00
4.770826732699999866e+02,1.689999999999999947e+00
4.780828246280000258e+02,1.739999999999999991e+00
4.790829790830000547e+02,1.800000000000000044e+00
4.800831244799999808e+02,1.770000000000000018e+00
4.810832824619999428e+02,1.729999999999999982e+00
4.820834264000000076e+02,1.760000000000000009e+00
4.830835758140000280e+02,1.760000000000000009e+00
4.840837380419999931e+02,1.760000000000000009e+00
4.850838889669999503e+02,1.729999999999999982e+00
4.860840362480000181e+02,1.729999999999999982e+00
4.870841830960000038e+02,1.739999999999999991e+00
4.880843378880000500e+02,1.760000000000000009e+00
4.890844910299999810e+02,1.760000000000000009e+00
4.900846393730000159e+02,1.719999999999999973e+00
4.910847859169999765e+02,1.719999999999999973e+00
4.920849365680000460e+02,1.699999999999999956e+00
4.930850877859999741e+02,1.709999999999999964e+00
4.940852397669999618e+02,1.770000000000000018e+00
4.950853911369999878e+02,1.750000000000000000e+00
4.960855390500000226e+02,1.750000000000000000e+00
4.970856832880000411e+02,1.760000000000000009e+00
4.980858337830000551e+02,1.770000000000000018e+00
4.990859912249999866e+02,1.770000000000000018e+00
5.000861423169999966e+02,1.770000000000000018e+00
5.010862883849999889e+02,1.750000000000000000e+00
5.020864396349999765e+02,1.739999999999999991e+00
5.030865842630000202e+02,1.719999999999999973e+00
5.040867284889999951e+02,1.739999999999999991e+00
5.050868788450000011e+02,1.750000000000000000e+00
5.060870273380000413e+02,1.719999999999999973e+00
5.070871864449999862e+02,1.699999999999999956e+00
5.080873362840000027e+02,1.729999999999999982e+00
5.090874826630000030e+02,1.739999999999999991e+00
5.100876314419999744e+02,1.760000000000000009e+00
5.110877802890000225e+02,1.770000000000000018e+00
5.120879352739999604e+02,1.760000000000000009e+00
5.130880847690000337e+02,1.790000000000000036e+00
5.140882381619999251e+02,1.770000000000000018e+00
5.150883978250000155e+02,1.770000000000000018e+00
5.160885490900000150e+02,1.750000000000000000e+00
5.170886966319999374e+02,1.739999999999999991e+00
5.180888476430000082e+02,1.750000000000000000e+00
5.190889974750000420e+02,1.729999999999999982e+00
5.200891449219999458e+02,1.800000000000000044e+00
5.210892938729999742e+02,1.790000000000000036e+00
5.220894437319999497e+02,1.790000000000000036e+00
5.230895961080000234e+02,1.770000000000000018e+00
5.240897513149999440e+02,1.790000000000000036e+00
5.250899048809999385e+02,1.790000000000000036e+00
5.260900563630000306e+02,1.750000000000000000e+00
5.270902046200000086e+02,1.739999999999999991e+00
5.280903597589999663e+02,1.750000000000000000e+00
5.290905112319999262e+02,1.770000000000000018e+00
5.300906652019999683e+02,1.750000000000000000e+00
5.310907780930000399e+02,1.760000000000000009e+00
5.320909243050000441e+02,1.750000000000000000e+00
5.330910737219999191e+02,1.739999999999999991e+00
5.340912251940000033e+02,1.729999999999999982e+00
5.350913359700000456e+02,1.590000000000000080e+00
5.360914990719999196e+02,1.459999999999999964e+00
5.370916535090000252e+02,1.449999999999999956e+00
5.380918034809999426e+02,1.479999999999999982e+00
5.390919520190000185e+02,1.550000000000000044e+00
5.400921061220000183e+02,1.520000000000000018e+00
5.410922616860000289e+02,1.510000000000000009e+00
5.420924249180000061e+02,1.520000000000000018e+00
5.430925727080000343e+02,1.489999999999999991e+00
5.440927279190000263e+02,1.489999999999999991e+00
5.450928911580000431e+02,1.510000000000000009e+00
5.460930420089999870e+02,1.500000000000000000e+00
5.470931932510000024e+02,1.479999999999999982e+00
5.480933503700000529e+02,1.520000000000000018e+00
5.490935091459999740e+02,1.510000000000000009e+00
5.500936636180000505e+02,1.500000000000000000e+00
5.510938158960000237e+02,1.500000000000000000e+00
5.520939657430000125e+02,1.500000000000000000e+00
5.530941202120000071e+02,1.489999999999999991e+00
5.540942761730000257e+02,1.500000000000000000e+00
5.550944296569999779e+02,1.520000000000000018e+00
5.560945830919999935e+02,1.500000000000000000e+00
5.570947333950000484e+02,1.489999999999999991e+00
5.580948805240000183e+02,1.489999999999999991e+00
5.590950300069999912e+02,1.510000000000000009e+00
5.600951845499999990e+02,1.510000000000000009e+00
5.604009368910000148e+02,4.600000000000000200e-01
