1.000114736000000004e+00,2.029999999999999805e+00
2.000307829000000037e+00,2.319999999999999840e+00
3.000475558000000209e+00,3.220000000000000195e+00
4.000627696000000455e+00,2.870000000000000107e+00
5.000775829000000172e+00,2.910000000000000142e+00
6.000924909000000085e+00,2.669999999999999929e+00
7.001074954999999989e+00,2.669999999999999929e+00
8.001220033999999259e+00,2.660000000000000142e+00
9.001365555999999657e+00,2.669999999999999929e+00
1.000151079900000006e+01,2.359999999999999876e+00
1.100166194799999886e+01,2.850000000000000089e+00
1.200181852900000123e+01,3.100000000000000089e+00
1.300196931500000019e+01,2.810000000000000053e+00
1.400211063999999972e+01,2.669999999999999929e+00
1.500225824900000049e+01,2.669999999999999929e+00
1.600240557300000077e+01,2.660000000000000142e+00
1.700255170599999843e+01,2.669999999999999929e+00
1.800269941799999884e+01,2.640000000000000124e+00
1.900285313799999898e+01,2.450000000000000178e+00
2.000300036099999801e+01,3.319999999999999840e+00
2.100314927799999865e+01,2.720000000000000195e+00
2.200325788199999977e+01,2.669999999999999929e+00
2.300340460699999667e+01,2.660000000000000142e+00
2.400355033099999957e+01,2.660000000000000142e+00
2.500369583199999823e+01,2.660000000000000142e+00
2.600384244900000041e+01,2.669999999999999929e+00
2.700399477199999865e+01,2.319999999999999840e+00
2.800415411000000177e+01,3.390000000000000124e+00
2.900431060100000025e+01,2.020000000000000018e+00
3.000446390800000174e+01,2.410000000000000142e+00
3.100462183599999832e+01,2.669999999999999929e+00
3.200477101100000255e+01,2.669999999999999929e+00
3.300491621300000133e+01,2.660000000000000142e+00
3.400507017199999638e+01,2.660000000000000142e+00
3.500521729999999820e+01,2.669999999999999929e+00
3.600537038800000289e+01,2.209999999999999964e+00
3.700552568999999892e+01,3.390000000000000124e+00
3.800568075700000037e+01,2.879999999999999893e+00
3.900583153400000214e+01,2.669999999999999929e+00
4.000598267699999866e+01,2.669999999999999929e+00
4.100613095500000327e+01,2.660000000000000142e+00
4.200627835899999951e+01,2.660000000000000142e+00
4.300642622399999482e+01,2.669999999999999929e+00
4.400657659899999885e+01,2.080000000000000071e+00
4.500673560300000275e+01,3.419999999999999929e+00
4.600689035999999987e+01,2.910000000000000142e+00
4.700704176699999692e+01,2.759999999999999787e+00
4.800718660500000112e+01,2.660000000000000142e+00
4.900729536499999739e+01,2.660000000000000142e+00
5.000744029300000193e+01,2.660000000000000142e+00
5.100758604199999979e+01,2.669999999999999929e+00
5.200773860199999632e+01,2.089999999999999858e+00
5.300789968399999452e+01,3.259999999999999787e+00
5.400805505399999618e+01,2.890000000000000124e+00
5.500820393499999739e+01,2.819999999999999840e+00
5.600834980799999840e+01,2.669999999999999929e+00
5.700850130799999960e+01,2.660000000000000142e+00
5.800864942999999840e+01,2.660000000000000142e+00
5.900879847499999897e+01,2.649999999999999911e+00
6.000894517899999414e+01,2.660000000000000142e+00
6.100910349699999813e+01,2.430000000000000160e+00
6.200926949800000187e+01,3.350000000000000089e+00
6.300938333899999577e+01,2.720000000000000195e+00
6.400952787600000704e+01,2.660000000000000142e+00
6.500967977100000894e+01,2.660000000000000142e+00
6.600982363899998973e+01,2.660000000000000142e+00
6.700996589199999676e+01,2.660000000000000142e+00
6.801011479899999301e+01,2.669999999999999929e+00
6.901027011600000094e+01,2.299999999999999822e+00
7.001042907000000071e+01,3.390000000000000124e+00
7.101057803499999466e+01,2.790000000000000036e+00
7.201072987000000580e+01,2.669999999999999929e+00
7.301087483100000952e+01,2.669999999999999929e+00
7.401102223399999502e+01,2.649999999999999911e+00
7.501116907899999831e+01,2.660000000000000142e+00
7.601131720099999711e+01,2.669999999999999929e+00
7.701146569600000191e+01,2.180000000000000160e+00
7.801162868000000117e+01,3.399999999999999911e+00
7.901178302699999279e+01,2.700000000000000178e+00
8.001193877899999052e+01,2.810000000000000053e+00
8.101209138400000143e+01,2.669999999999999929e+00
8.201223703099999796e+01,2.660000000000000142e+00
8.301238356000000351e+01,2.660000000000000142e+00
8.401252954500000669e+01,2.669999999999999929e+00
8.501269360000000574e+01,2.149999999999999911e+00
8.601285875200001385e+01,3.169999999999999929e+00
8.701301360799999429e+01,2.919999999999999929e+00
8.801316419700000893e+01,2.919999999999999929e+00
8.901331222000000309e+01,2.669999999999999929e+00
9.001345860700000401e+01,2.669999999999999929e+00
9.101360610299998655e+01,2.660000000000000142e+00
9.201377197499999738e+01,2.669999999999999929e+00
9.301392697999999370e+01,2.399999999999999911e+00
9.401408645600000114e+01,2.810000000000000053e+00
9.501424080900000035e+01,3.120000000000000107e+00
9.601439218899999162e+01,2.830000000000000071e+00
9.701454015999999569e+01,2.669999999999999929e+00
9.801468798100000868e+01,2.669999999999999929e+00
9.901482920799999476e+01,2.660000000000000142e+00
1.000149744929999969e+02,2.660000000000000142e+00
1.010151329979999986e+02,2.649999999999999911e+00
1.020152912510000078e+02,2.450000000000000178e+00
1.030154342510000021e+02,3.339999999999999858e+00
1.040155836679999908e+02,2.660000000000000142e+00
1.050157321860000081e+02,2.669999999999999929e+00
1.060158774320000106e+02,2.669999999999999929e+00
1.070160239920000009e+02,2.660000000000000142e+00
1.080161701789999995e+02,2.660000000000000142e+00
1.090163222979999915e+02,2.669999999999999929e+00
1.100164852629999928e+02,2.169999999999999929e+00
1.110166461289999944e+02,3.410000000000000142e+00
1.120167982239999986e+02,2.930000000000000160e+00
1.130169474650000012e+02,2.669999999999999929e+00
1.140170935420000120e+02,2.669999999999999929e+00
1.150172395289999940e+02,2.660000000000000142e+00
1.160173978839999904e+02,2.660000000000000142e+00
1.170175413500000019e+02,2.669999999999999929e+00
1.180176951810000077e+02,2.049999999999999822e+00
1.190178511799999939e+02,3.410000000000000142e+00
1.200180066120000077e+02,2.919999999999999929e+00
1.210181615270000037e+02,2.779999999999999805e+00
1.220182802490000000e+02,2.660000000000000142e+00
1.230184261920000068e+02,2.660000000000000142e+00
1.240185714309999980e+02,2.660000000000000142e+00
1.250187189610000047e+02,2.669999999999999929e+00
1.260188677920000089e+02,2.109999999999999876e+00
1.270190349079999947e+02,3.240000000000000213e+00
1.280191823670000133e+02,2.910000000000000142e+00
1.290193317039999954e+02,2.839999999999999858e+00
1.300194782009999983e+02,2.669999999999999929e+00
1.310196207870000080e+02,2.669999999999999929e+00
1.320197681410000143e+02,2.660000000000000142e+00
1.330199223239999924e+02,2.669999999999999929e+00
1.340200808959999961e+02,2.649999999999999911e+00
1.350202420990000007e+02,2.419999999999999929e+00
1.360204025539999861e+02,3.359999999999999876e+00
1.370205583380000007e+02,2.720000000000000195e+00
1.380207060230000025e+02,2.669999999999999929e+00
1.390208587049999949e+02,2.669999999999999929e+00
1.400210086429999876e+02,2.660000000000000142e+00
1.410211574329999848e+02,2.660000000000000142e+00
1.420213136410000061e+02,2.669999999999999929e+00
1.430214675569999940e+02,2.310000000000000053e+00
1.440216293929999836e+02,3.390000000000000124e+00
1.450217877339999859e+02,2.779999999999999805e+00
1.460219394799999861e+02,2.669999999999999929e+00
1.470220875029999945e+02,2.669999999999999929e+00
1.480222353000000055e+02,2.660000000000000142e+00
1.490223820920000151e+02,2.660000000000000142e+00
1.500225328820000072e+02,2.669999999999999929e+00
1.510226939479999828e+02,2.180000000000000160e+00
1.520228704440000058e+02,3.399999999999999911e+00
1.530230238080000049e+02,2.910000000000000142e+00
1.540231331669999975e+02,2.669999999999999929e+00
1.550232801470000084e+02,2.669999999999999929e+00
1.560234261470000092e+02,2.649999999999999911e+00
1.570235797249999905e+02,2.660000000000000142e+00
1.580237268220000146e+02,2.669999999999999929e+00
1.590238749779999807e+02,2.060000000000000053e+00
1.600240307729999927e+02,3.419999999999999929e+00
1.610241827499999943e+02,2.709999999999999964e+00
1.620242939720000095e+02,2.919999999999999929e+00
1.630244457910000051e+02,2.660000000000000142e+00
1.640245979579999869e+02,2.669999999999999929e+00
1.650247432939999896e+02,2.660000000000000142e+00
1.660248873230000015e+02,2.669999999999999929e+00
1.670250358929999948e+02,2.399999999999999911e+00
1.680251921439999876e+02,2.810000000000000053e+00
1.690253512820000026e+02,3.120000000000000107e+00
1.700255048530000010e+02,2.819999999999999840e+00
1.710256503100000032e+02,2.669999999999999929e+00
1.720257958509999980e+02,2.669999999999999929e+00
1.730259390500000052e+02,2.660000000000000142e+00
1.740260888159999979e+02,2.669999999999999929e+00
1.750262365509999825e+02,2.660000000000000142e+00
1.760263960679999968e+02,2.439999999999999947e+00
1.770265471970000135e+02,3.339999999999999858e+00
1.780267007759999842e+02,2.709999999999999964e+00
1.790268052749999868e+02,2.669999999999999929e+00
1.800269486530000052e+02,2.669999999999999929e+00
1.810270993909999788e+02,2.660000000000000142e+00
1.820272670520000133e+02,2.660000000000000142e+00
1.830274156570000059e+02,2.669999999999999929e+00
1.840275700800000038e+02,2.310000000000000053e+00
1.850277308540000263e+02,3.390000000000000124e+00
1.860278819209999881e+02,2.779999999999999805e+00
1.870280293819999997e+02,2.669999999999999929e+00
1.880281776040000068e+02,2.669999999999999929e+00
1.890283274850000055e+02,2.660000000000000142e+00
1.900284721829999910e+02,2.649999999999999911e+00
1.910286198820000152e+02,2.669999999999999929e+00
1.920287769959999764e+02,2.189999999999999947e+00
1.930289424740000186e+02,3.399999999999999911e+00
1.940291010480000011e+02,2.689999999999999947e+00
1.950292487209999877e+02,2.810000000000000053e+00
1.960293972929999882e+02,2.669999999999999929e+00
1.970295411479999927e+02,2.660000000000000142e+00
1.980296880020000003e+02,2.660000000000000142e+00
1.990298493599999858e+02,2.669999999999999929e+00
2.000299968749999948e+02,2.149999999999999911e+00
2.010301492740000242e+02,3.169999999999999929e+00
2.020303026349999982e+02,2.899999999999999911e+00
2.030304518009999981e+02,2.919999999999999929e+00
2.040305971759999863e+02,2.669999999999999929e+00
2.050307567579999954e+02,2.660000000000000142e+00
2.060309090720000142e+02,2.660000000000000142e+00
2.070310567070000047e+02,2.669999999999999929e+00
2.080312026109999977e+02,2.419999999999999929e+00
2.090313647909999872e+02,2.790000000000000036e+00
2.100315229859999988e+02,3.120000000000000107e+00
2.110316784179999843e+02,2.819999999999999840e+00
2.120318354359999944e+02,2.660000000000000142e+00
2.130319848990000082e+02,2.669999999999999929e+00
2.140321318579999854e+02,2.660000000000000142e+00
2.150322377370000027e+02,2.669999999999999929e+00
2.160323881079999921e+02,2.669999999999999929e+00
2.170325522190000243e+02,2.419999999999999929e+00
2.180327141890000178e+02,3.370000000000000107e+00
2.190328697349999914e+02,2.700000000000000178e+00
2.200330149509999842e+02,2.669999999999999929e+00
2.210331658829999810e+02,2.669999999999999929e+00
2.220333121529999971e+02,2.660000000000000142e+00
2.230334607829999811e+02,2.660000000000000142e+00
2.240336094140000114e+02,2.669999999999999929e+00
2.250337619480000058e+02,2.299999999999999822e+00
2.260339177440000071e+02,3.390000000000000124e+00
2.270340684020000026e+02,2.680000000000000160e+00
2.280342231970000171e+02,2.689999999999999947e+00
2.290343703929999890e+02,2.660000000000000142e+00
2.300345177340000191e+02,2.660000000000000142e+00
2.310346628009999961e+02,2.660000000000000142e+00
2.320348065420000125e+02,2.669999999999999929e+00
2.330349563409999973e+02,2.009999999999999787e+00
2.340351181800000120e+02,3.390000000000000124e+00
2.350352431979999892e+02,2.879999999999999893e+00
2.360353925529999799e+02,2.839999999999999858e+00
2.370355382440000085e+02,2.660000000000000142e+00
2.380356839170000001e+02,2.660000000000000142e+00
2.390358325359999867e+02,2.660000000000000142e+00
2.400359816270000124e+02,2.669999999999999929e+00
2.410361261540000157e+02,2.220000000000000195e+00
2.420362841559999936e+02,3.080000000000000071e+00
2.430364532799999893e+02,2.970000000000000195e+00
2.440366001040000015e+02,2.870000000000000107e+00
2.450367526859999714e+02,2.660000000000000142e+00
2.460368964570000117e+02,2.660000000000000142e+00
2.470370434029999842e+02,2.660000000000000142e+00
2.480371908290000249e+02,2.669999999999999929e+00
2.490373379629999988e+02,2.520000000000000018e+00
2.500375011990000189e+02,2.640000000000000124e+00
2.510376701640000192e+02,3.180000000000000160e+00
2.520378344959999879e+02,2.790000000000000036e+00
2.530379827579999983e+02,2.669999999999999929e+00
2.540381329279999818e+02,2.669999999999999929e+00
2.550382818170000121e+02,2.660000000000000142e+00
2.560384366659999955e+02,2.669999999999999929e+00
2.570385875819999910e+02,2.669999999999999929e+00
2.580387456109999675e+02,2.379999999999999893e+00
2.590389088599999923e+02,3.390000000000000124e+00
2.600390630800000054e+02,2.609999999999999876e+00
2.610392134429999942e+02,2.669999999999999929e+00
2.620393621819999908e+02,2.669999999999999929e+00
2.630395088909999686e+02,2.660000000000000142e+00
2.640396605650000197e+02,2.660000000000000142e+00
2.650398076700000161e+02,2.669999999999999929e+00
2.660399635499999818e+02,2.089999999999999858e+00
2.670401309829999832e+02,3.410000000000000142e+00
2.680402855789999990e+02,2.879999999999999893e+00
2.690404366970000183e+02,2.750000000000000000e+00
2.700405841549999764e+02,2.669999999999999929e+00
2.710407307220000348e+02,2.660000000000000142e+00
2.720408793309999851e+02,2.660000000000000142e+00
2.730467900350000150e+02,2.689999999999999947e+00
2.740469387539999957e+02,2.080000000000000071e+00
2.750470996579999792e+02,3.299999999999999822e+00
2.760471797700000138e+02,2.879999999999999893e+00
2.770473322870000175e+02,2.879999999999999893e+00
2.780474848210000118e+02,2.669999999999999929e+00
2.790476329279999845e+02,2.669999999999999929e+00
2.800477791229999980e+02,2.660000000000000142e+00
2.810479261689999930e+02,2.669999999999999929e+00
2.820480745780000120e+02,2.310000000000000053e+00
2.830482297640000411e+02,2.950000000000000178e+00
2.840483912440000154e+02,3.049999999999999822e+00
2.850485426809999581e+02,2.830000000000000071e+00
2.860486885660000098e+02,2.660000000000000142e+00
2.870488353470000220e+02,2.669999999999999929e+00
2.880489817100000209e+02,2.660000000000000142e+00
2.890491274130000079e+02,2.669999999999999929e+00
2.900492845890000240e+02,2.620000000000000107e+00
2.910494408380000095e+02,2.509999999999999787e+00
2.920495889129999796e+02,3.259999999999999787e+00
2.930497395200000028e+02,2.589999999999999858e+00
2.940498885580000206e+02,2.669999999999999929e+00
2.950500349629999732e+02,2.669999999999999929e+00
2.960501908580000077e+02,2.660000000000000142e+00
2.970503386780000028e+02,2.649999999999999911e+00
2.980504851809999991e+02,2.669999999999999929e+00
2.990506344839999997e+02,2.169999999999999929e+00
3.000507850340000005e+02,3.399999999999999911e+00
3.010509358429999907e+02,2.890000000000000124e+00
3.020510875250000140e+02,2.680000000000000160e+00
3.030511752870000350e+02,2.669999999999999929e+00
3.040512793199999919e+02,2.660000000000000142e+00
3.050514114959999574e+02,2.660000000000000142e+00
3.060515600950000135e+02,2.669999999999999929e+00
3.070517063249999978e+02,2.029999999999999805e+00
3.080518619819999913e+02,3.399999999999999911e+00
3.090520137809999710e+02,2.879999999999999893e+00
3.100521622530000059e+02,2.819999999999999840e+00
3.110523058480000032e+02,2.660000000000000142e+00
3.120524522690000140e+02,2.660000000000000142e+00
3.130525978420000115e+02,2.660000000000000142e+00
3.140527412090000325e+02,2.669999999999999929e+00
3.150528851759999611e+02,2.169999999999999929e+00
3.160530340409999894e+02,3.140000000000000124e+00
3.170531841629999690e+02,2.919999999999999929e+00
3.180533340599999974e+02,2.890000000000000124e+00
3.190534794309999711e+02,2.660000000000000142e+00
3.200536278970000126e+02,2.660000000000000142e+00
3.210537720930000205e+02,2.660000000000000142e+00
3.220539146920000348e+02,2.669999999999999929e+00
3.230540682409999818e+02,2.479999999999999982e+00
3.240542216759999974e+02,2.709999999999999964e+00
3.250543766640000172e+02,3.140000000000000124e+00
3.260545292790000076e+02,2.709999999999999964e+00
3.270546732590000261e+02,2.669999999999999929e+00
3.280548141870000336e+02,2.660000000000000142e+00
3.290549647469999854e+02,2.660000000000000142e+00
3.300551127109999925e+02,2.660000000000000142e+00
3.310552286050000248e+02,2.669999999999999929e+00
3.320553372119999835e+02,2.229999999999999982e+00
3.330554886820000320e+02,3.390000000000000124e+00
3.340556412820000105e+02,2.830000000000000071e+00
3.350557900379999978e+02,2.669999999999999929e+00
3.360559361770000351e+02,2.660000000000000142e+00
3.370560799900000006e+02,2.660000000000000142e+00
3.380562206850000280e+02,2.660000000000000142e+00
3.390563638870000318e+02,2.669999999999999929e+00
3.400565065549999986e+02,2.089999999999999858e+00
3.410566607509999812e+02,3.410000000000000142e+00
3.420568132690000311e+02,2.859999999999999876e+00
3.430569610919999946e+02,2.750000000000000000e+00
3.440571021069999915e+02,2.660000000000000142e+00
3.450572451909999927e+02,2.660000000000000142e+00
3.460573891249999861e+02,2.660000000000000142e+00
3.470575373199999945e+02,2.669999999999999929e+00
3.480576845699999922e+02,2.089999999999999858e+00
3.490578325430000177e+02,3.270000000000000018e+00
3.500579856800000016e+02,2.870000000000000107e+00
3.510581349019999493e+02,2.899999999999999911e+00
3.520582791140000154e+02,2.669999999999999929e+00
3.530584262460000105e+02,2.660000000000000142e+00
3.540585704700000065e+02,2.649999999999999911e+00
3.550587146650000250e+02,2.669999999999999929e+00
3.560588545719999729e+02,2.339999999999999858e+00
3.570590088319999609e+02,2.899999999999999911e+00
3.580591662280000378e+02,3.080000000000000071e+00
3.590592787200000089e+02,2.810000000000000053e+00
3.600594177819999686e+02,2.669999999999999929e+00
3.610595612269999606e+02,2.669999999999999929e+00
3.620597048710000081e+02,2.660000000000000142e+00
3.630598605959999645e+02,2.669999999999999929e+00
3.640600040040000067e+02,2.640000000000000124e+00
3.650601572719999695e+02,2.470000000000000195e+00
3.660603067000000124e+02,3.290000000000000036e+00
3.670604550669999639e+02,2.620000000000000107e+00
3.680606016510000131e+02,2.669999999999999929e+00
3.690607445830000302e+02,2.660000000000000142e+00
3.700608867859999691e+02,2.660000000000000142e+00
3.710610305569999809e+02,2.660000000000000142e+00
3.720611754149999797e+02,2.669999999999999929e+00
3.730613220199999773e+02,2.160000000000000142e+00
3.740614770490000183e+02,3.399999999999999911e+00
3.750616277930000138e+02,2.879999999999999893e+00
3.760617750490000049e+02,2.680000000000000160e+00
3.770619220689999906e+02,2.669999999999999929e+00
3.780620645680000393e+02,2.660000000000000142e+00
3.790622065019999809e+02,2.660000000000000142e+00
3.800623524549999956e+02,2.669999999999999929e+00
3.810624973199999772e+02,2.020000000000000018e+00
3.820626512200000207e+02,3.419999999999999929e+00
3.830628075880000551e+02,2.879999999999999893e+00
3.840629551380000066e+02,2.830000000000000071e+00
3.850631040680000297e+02,2.669999999999999929e+00
3.860632245380000427e+02,2.669999999999999929e+00
3.870633277040000166e+02,2.660000000000000142e+00
3.880634703580000178e+02,2.669999999999999929e+00
3.890636217580000107e+02,2.189999999999999947e+00
3.900637769980000371e+02,3.120000000000000107e+00
3.910639288659999693e+02,2.939999999999999947e+00
3.920640822249999928e+02,2.890000000000000124e+00
3.930642220400000042e+02,2.669999999999999929e+00
3.940643831030000115e+02,2.669999999999999929e+00
3.950645353209999939e+02,2.660000000000000142e+00
3.960646847340000249e+02,2.669999999999999929e+00
3.970648290030000567e+02,2.470000000000000195e+00
3.980649807199999941e+02,2.709999999999999964e+00
3.990651395680000064e+02,3.140000000000000124e+00
4.000652936930000578e+02,2.810000000000000053e+00
4.010654434310000056e+02,2.669999999999999929e+00
4.020655880709999792e+02,2.669999999999999929e+00
4.030657359209999981e+02,2.660000000000000142e+00
4.040658831990000408e+02,2.669999999999999929e+00
4.050660300219999499e+02,2.669999999999999929e+00
4.060661828540000329e+02,2.390000000000000124e+00
4.070663345630000549e+02,3.390000000000000124e+00
4.080664877709999701e+02,2.589999999999999858e+00
4.090666346019999651e+02,2.669999999999999929e+00
4.100667775830000323e+02,2.660000000000000142e+00
4.110669258380000315e+02,2.660000000000000142e+00
4.120670695260000116e+02,2.660000000000000142e+00
4.130672205169999529e+02,2.669999999999999929e+00
4.140673290530000372e+02,2.100000000000000089e+00
4.150674802400000090e+02,3.410000000000000142e+00
4.160676338700000088e+02,2.870000000000000107e+00
4.170677833500000133e+02,2.750000000000000000e+00
4.180679258800000184e+02,2.669999999999999929e+00
4.190680804659999694e+02,2.660000000000000142e+00
4.200682267730000490e+02,2.660000000000000142e+00
4.210683742940000229e+02,2.660000000000000142e+00
4.220685229830000367e+02,2.080000000000000071e+00
4.230686803789999999e+02,3.299999999999999822e+00
4.240688468989999933e+02,2.859999999999999876e+00
4.250689991819999705e+02,2.890000000000000124e+00
4.260691424039999902e+02,2.669999999999999929e+00
4.270692884100000128e+02,2.660000000000000142e+00
4.280694339830000104e+02,2.660000000000000142e+00
4.290695749099999716e+02,2.669999999999999929e+00
4.300697182269999530e+02,2.310000000000000053e+00
4.310698744000000033e+02,2.930000000000000160e+00
4.320700278240000216e+02,3.060000000000000053e+00
4.330701742040000113e+02,2.810000000000000053e+00
4.340703185309999981e+02,2.669999999999999929e+00
4.350704639969999903e+02,2.669999999999999929e+00
4.360706129980000583e+02,2.660000000000000142e+00
4.370707622290000245e+02,2.669999999999999929e+00
4.380709089349999772e+02,2.640000000000000124e+00
4.390710620799999901e+02,2.490000000000000213e+00
4.400712156239999899e+02,3.279999999999999805e+00
4.410713704080000070e+02,2.729999999999999982e+00
4.420715155230000164e+02,2.669999999999999929e+00
4.430716677510000068e+02,2.669999999999999929e+00
4.440718146569999476e+02,2.660000000000000142e+00
4.450719589309999833e+02,2.660000000000000142e+00
4.460721055099999717e+02,2.669999999999999929e+00
4.470722545509999577e+02,2.330000000000000071e+00
4.480724061799999731e+02,3.390000000000000124e+00
4.490725579430000494e+02,2.629999999999999893e+00
4.500727094530000159e+02,2.669999999999999929e+00
4.510728571550000083e+02,2.669999999999999929e+00
4.520729872499999829e+02,2.660000000000000142e+00
4.530731391819999772e+02,2.660000000000000142e+00
4.540733006350000096e+02,2.669999999999999929e+00
4.550734536480000543e+02,2.029999999999999805e+00
4.560736091050000027e+02,3.410000000000000142e+00
4.570737627069999576e+02,2.850000000000000089e+00
4.580739156569999864e+02,2.819999999999999840e+00
4.590740620340000078e+02,2.660000000000000142e+00
4.600742089219999684e+02,2.660000000000000142e+00
4.610743591490000313e+02,2.660000000000000142e+00
4.620745034290000035e+02,2.669999999999999929e+00
4.630746541369999818e+02,2.180000000000000160e+00
4.640748070700000198e+02,3.129999999999999893e+00
4.650749605500000143e+02,2.930000000000000160e+00
4.660751077009999790e+02,2.890000000000000124e+00
4.670752691480000180e+02,2.669999999999999929e+00
4.680754162569999721e+02,2.669999999999999929e+00
4.690755629650000174e+02,2.660000000000000142e+00
4.700757074740000121e+02,2.669999999999999929e+00
4.710758566330000576e+02,2.479999999999999982e+00
4.720760162509999986e+02,2.709999999999999964e+00
4.730761843969999632e+02,3.149999999999999911e+00
4.740763388109999710e+02,2.810000000000000053e+00
4.750764878449999742e+02,2.669999999999999929e+00
4.760766363409999826e+02,2.669999999999999929e+00
4.770767832969999631e+02,2.649999999999999911e+00
4.780769362919999708e+02,2.669999999999999929e+00
4.790770937280000226e+02,2.669999999999999929e+00
4.800772502890000055e+02,2.390000000000000124e+00
4.810774056730000439e+02,3.390000000000000124e+00
4.820775570259999654e+02,2.689999999999999947e+00
4.830776651310000034e+02,2.669999999999999929e+00
4.840778228919999719e+02,2.669999999999999929e+00
4.850779700290000278e+02,2.660000000000000142e+00
4.860781194049999954e+02,2.660000000000000142e+00
4.870782633700000019e+02,2.669999999999999929e+00
4.880784099769999784e+02,2.259999999999999787e+00
4.890785681340000224e+02,3.390000000000000124e+00
4.900787183300000152e+02,2.620000000000000107e+00
4.910788747189999981e+02,2.750000000000000000e+00
4.920790194030000180e+02,2.660000000000000142e+00
4.930791667469999879e+02,2.660000000000000142e+00
4.940792697499999804e+02,2.660000000000000142e+00
4.950794038490000162e+02,2.669999999999999929e+00
4.960795569590000014e+02,2.089999999999999858e+00
4.970797194669999612e+02,3.279999999999999805e+00
4.980798658040000078e+02,2.859999999999999876e+00
4.990800179230000140e+02,2.899999999999999911e+00
5.000801682559999790e+02,2.669999999999999929e+00
5.010803108339999881e+02,2.669999999999999929e+00
5.020804599030000190e+02,2.660000000000000142e+00
5.030806149549999873e+02,2.669999999999999929e+00
5.040807645059999800e+02,2.330000000000000071e+00
5.050809185030000208e+02,2.910000000000000142e+00
5.060810725090000233e+02,3.069999999999999840e+00
5.070812229330000491e+02,2.810000000000000053e+00
5.080813695280000388e+02,2.669999999999999929e+00
5.090815210040000238e+02,2.660000000000000142e+00
5.100816628910000077e+02,2.649999999999999911e+00
5.110818113690000359e+02,2.669999999999999929e+00
5.120819607050000286e+02,2.640000000000000124e+00
5.130821094130000120e+02,2.470000000000000195e+00
5.140822701580000285e+02,3.299999999999999822e+00
5.150824257040000020e+02,2.700000000000000178e+00
5.160825690599999689e+02,2.669999999999999929e+00
5.170827152619999652e+02,2.669999999999999929e+00
5.180828530510000292e+02,2.660000000000000142e+00
5.190830020189999914e+02,2.660000000000000142e+00
5.200831420759999446e+02,2.669999999999999929e+00
5.210832596630000353e+02,2.319999999999999840e+00
5.220834125180000456e+02,3.379999999999999893e+00
5.230835568549999834e+02,2.759999999999999787e+00
5.240837039830000776e+02,2.669999999999999929e+00
5.250838457199999993e+02,2.669999999999999929e+00
5.260839897309999742e+02,2.660000000000000142e+00
5.270841395790000661e+02,2.660000000000000142e+00
5.280842833140000039e+02,2.660000000000000142e+00
5.290844265680000262e+02,2.180000000000000160e+00
5.300845901899999717e+02,3.399999999999999911e+00
5.310847421240000585e+02,2.879999999999999893e+00
5.320848869320000176e+02,2.660000000000000142e+00
5.330850344909999876e+02,2.669999999999999929e+00
5.340851750000000493e+02,2.660000000000000142e+00
5.350853247999999667e+02,2.660000000000000142e+00
5.360854684350000525e+02,2.669999999999999929e+00
5.370855781840000418e+02,2.020000000000000018e+00
5.380857351639999706e+02,3.419999999999999929e+00
5.390858911509999416e+02,2.870000000000000107e+00
5.400860375130000648e+02,2.819999999999999840e+00
5.410861796469999945e+02,2.669999999999999929e+00
5.420863241739999694e+02,2.660000000000000142e+00
5.430864688230000183e+02,2.649999999999999911e+00
5.440866146370000251e+02,2.669999999999999929e+00
5.450925963070000080e+02,2.180000000000000160e+00
5.460927548700000216e+02,3.160000000000000142e+00
5.470929062440000052e+02,2.910000000000000142e+00
5.480930508300000383e+02,2.899999999999999911e+00
5.490931975250000505e+02,2.669999999999999929e+00
5.500933295050000424e+02,2.669999999999999929e+00
5.510934744109999883e+02,2.660000000000000142e+00
5.520936197859999766e+02,2.669999999999999929e+00
5.530937691399999494e+02,2.450000000000000178e+00
5.540939162829999987e+02,2.729999999999999982e+00
5.550940734330000623e+02,3.120000000000000107e+00
5.560942291569999725e+02,2.819999999999999840e+00
5.570943677259999731e+02,2.669999999999999929e+00
5.580945134180000196e+02,2.669999999999999929e+00
5.590946597340000608e+02,2.660000000000000142e+00
5.600948053609999988e+02,2.669999999999999929e+00
5.610949530230000164e+02,2.680000000000000160e+00
5.620951074060000110e+02,2.390000000000000124e+00
5.630952289360000123e+02,3.390000000000000124e+00
5.640953767629999902e+02,2.669999999999999929e+00
5.650955244299999549e+02,2.669999999999999929e+00
5.660956673009999349e+02,2.669999999999999929e+00
5.670958110899999838e+02,2.660000000000000142e+00
5.680959558869999455e+02,2.660000000000000142e+00
5.690960984839999810e+02,2.669999999999999929e+00
5.700962551680000843e+02,2.270000000000000018e+00
5.710964115460000130e+02,3.390000000000000124e+00
5.720965620910000098e+02,2.799999999999999822e+00
5.730967107200000328e+02,2.669999999999999929e+00
5.740968526540000312e+02,2.669999999999999929e+00
5.750970108419999178e+02,2.640000000000000124e+00
5.760971559669999351e+02,2.660000000000000142e+00
5.770972992279999971e+02,2.660000000000000142e+00
5.780974564050000026e+02,2.129999999999999893e+00
5.790976187960000061e+02,3.410000000000000142e+00
5.800977682770000001e+02,2.870000000000000107e+00
5.810979163160000098e+02,2.720000000000000195e+00
5.820980594500000507e+02,2.669999999999999929e+00
5.830982042330000468e+02,2.660000000000000142e+00
5.840983487469999318e+02,2.660000000000000142e+00
5.850985016469999209e+02,2.669999999999999929e+00
5.860986477290000494e+02,2.029999999999999805e+00
5.870988075069999468e+02,3.370000000000000107e+00
5.880989570609999646e+02,2.870000000000000107e+00
5.890991032270000005e+02,2.850000000000000089e+00
5.900992594880000297e+02,2.669999999999999929e+00
5.910994042820000232e+02,2.660000000000000142e+00
5.920995525299999827e+02,2.660000000000000142e+00
5.930996944150000445e+02,2.669999999999999929e+00
5.940998391319999428e+02,2.259999999999999787e+00
5.950999986969999327e+02,3.020000000000000018e+00
5.961001500840000062e+02,3.000000000000000000e+00
5.971003087909999749e+02,2.729999999999999982e+00
5.981004523330000211e+02,2.669999999999999929e+00
5.991006042630000366e+02,2.660000000000000142e+00
6.001007496240000592e+02,2.660000000000000142e+00
6.011008950609999602e+02,2.660000000000000142e+00
6.021010389880000275e+02,2.669999999999999929e+00
6.031011942519999138e+02,2.319999999999999840e+00
6.041013560039999675e+02,3.390000000000000124e+00
6.051015195219999896e+02,2.750000000000000000e+00
6.061016672949999702e+02,2.660000000000000142e+00
6.071018189590000702e+02,2.660000000000000142e+00
6.081019667209999398e+02,2.660000000000000142e+00
6.091021131850000074e+02,2.660000000000000142e+00
6.101022573909999664e+02,2.660000000000000142e+00
6.111024092989999872e+02,2.180000000000000160e+00
6.121025278079999907e+02,3.399999999999999911e+00
6.131026934419999179e+02,2.879999999999999893e+00
6.141028468060000023e+02,2.669999999999999929e+00
6.151029954730000782e+02,2.669999999999999929e+00
6.161031414930000665e+02,2.660000000000000142e+00
6.171032512670000187e+02,2.660000000000000142e+00
6.181034057389999816e+02,2.669999999999999929e+00
6.191035527559999991e+02,2.040000000000000036e+00
6.201037126659999785e+02,3.410000000000000142e+00
6.211038706219999312e+02,2.850000000000000089e+00
6.221040191890000415e+02,2.810000000000000053e+00
6.231041626369999449e+02,2.669999999999999929e+00
6.241043065540000043e+02,2.660000000000000142e+00
6.251044508590000532e+02,2.660000000000000142e+00
6.261046008189999839e+02,2.669999999999999929e+00
6.271047504160000017e+02,2.160000000000000142e+00
6.281049087100000179e+02,3.160000000000000142e+00
6.291050621199999568e+02,2.910000000000000142e+00
6.301052159500000016e+02,2.899999999999999911e+00
6.311053598480000346e+02,2.660000000000000142e+00
6.321055043139999725e+02,2.649999999999999911e+00
6.331056556259999297e+02,2.660000000000000142e+00
6.341058014960000264e+02,2.669999999999999929e+00
6.351059454019999748e+02,2.470000000000000195e+00
6.361061070739999650e+02,2.720000000000000195e+00
6.371062620459999835e+02,3.140000000000000124e+00
6.381064137440000650e+02,2.700000000000000178e+00
6.391065614890000006e+02,2.669999999999999929e+00
6.401067073309999387e+02,2.660000000000000142e+00
6.411068520590000617e+02,2.660000000000000142e+00
6.421069978069999706e+02,2.660000000000000142e+00
6.431071470939999699e+02,2.669999999999999929e+00
6.441072982980000461e+02,2.229999999999999982e+00
6.451074621059999572e+02,3.370000000000000107e+00
6.461076157659999808e+02,2.839999999999999858e+00
6.471077651399999695e+02,2.669999999999999929e+00
6.481079112119999763e+02,2.669999999999999929e+00
6.491080556379999962e+02,2.660000000000000142e+00
6.501081954799999494e+02,2.660000000000000142e+00
6.511083487459999333e+02,2.669999999999999929e+00
6.521084991400000490e+02,2.089999999999999858e+00
6.531086604270000180e+02,3.419999999999999929e+00
6.541088137699999834e+02,2.859999999999999876e+00
6.551089635009999483e+02,2.759999999999999787e+00
6.561091058680000287e+02,2.660000000000000142e+00
6.571092574499999728e+02,2.660000000000000142e+00
6.581094079990000409e+02,2.660000000000000142e+00
6.591095540280000478e+02,2.669999999999999929e+00
6.601096991260000095e+02,2.100000000000000089e+00
6.611098605880000605e+02,3.270000000000000018e+00
6.621100121330000547e+02,2.859999999999999876e+00
6.631101738429999841e+02,2.899999999999999911e+00
6.641103200180000385e+02,2.669999999999999929e+00
6.651104620390000264e+02,2.660000000000000142e+00
6.661106228249999504e+02,2.660000000000000142e+00
6.671107678710000073e+02,2.660000000000000142e+00
6.681109140180000168e+02,2.350000000000000089e+00
6.691110708659999773e+02,2.890000000000000124e+00
6.701111755829999765e+02,3.089999999999999858e+00
6.711113274840000713e+02,2.799999999999999822e+00
6.721114600569999311e+02,2.669999999999999929e+00
6.731116011530000378e+02,2.669999999999999929e+00
6.741117423480000070e+02,2.660000000000000142e+00
6.751118884510000271e+02,2.669999999999999929e+00
6.761120368990000316e+02,2.640000000000000124e+00
6.771121887419999439e+02,2.430000000000000160e+00
6.781123362499999985e+02,3.330000000000000071e+00
6.791124867409999979e+02,2.589999999999999858e+00
6.801126350360000288e+02,2.669999999999999929e+00
6.811127809189999880e+02,2.669999999999999929e+00
6.821129263269999683e+02,2.660000000000000142e+00
6.831130746640000098e+02,2.660000000000000142e+00
6.841132209720000219e+02,2.669999999999999929e+00
6.851133689890000369e+02,2.140000000000000124e+00
6.861135300109999662e+02,3.399999999999999911e+00
6.871136865350000562e+02,2.879999999999999893e+00
6.881138349899999866e+02,2.700000000000000178e+00
6.891139800170000171e+02,2.669999999999999929e+00
6.901141282160000401e+02,2.660000000000000142e+00
6.911142709710001100e+02,2.660000000000000142e+00
6.921144196489999558e+02,2.669999999999999929e+00
6.931145681039998863e+02,2.009999999999999787e+00
6.941147241149999445e+02,3.399999999999999911e+00
6.951148749669999916e+02,2.870000000000000107e+00
6.961150323410000738e+02,2.839999999999999858e+00
6.971151802689998931e+02,2.660000000000000142e+00
6.981153246060000583e+02,2.660000000000000142e+00
6.991154744410000603e+02,2.660000000000000142e+00
7.001156238130000702e+02,2.649999999999999911e+00
7.011157711070000005e+02,2.250000000000000000e+00
7.021159202189999178e+02,3.029999999999999805e+00
7.031160728549999703e+02,3.000000000000000000e+00
7.041162263569999595e+02,2.850000000000000089e+00
7.051163373239999146e+02,2.669999999999999929e+00
7.061164867860001095e+02,2.669999999999999929e+00
7.071166335350000054e+02,2.660000000000000142e+00
7.081167783469999222e+02,2.669999999999999929e+00
7.091169241220000004e+02,2.560000000000000053e+00
7.101170863689999351e+02,2.569999999999999840e+00
7.111172460739999224e+02,3.229999999999999982e+00
7.121173974810000118e+02,2.750000000000000000e+00
7.131175420839999788e+02,2.669999999999999929e+00
7.141176870660000304e+02,2.669999999999999929e+00
7.151178358839999873e+02,2.660000000000000142e+00
7.161179830110000921e+02,2.669999999999999929e+00
7.171181338169999435e+02,2.669999999999999929e+00
7.181182889889998933e+02,2.350000000000000089e+00
7.191184436030000597e+02,3.390000000000000124e+00
7.201185961210001096e+02,2.620000000000000107e+00
7.211187451819999978e+02,2.669999999999999929e+00
7.221188887510000995e+02,2.660000000000000142e+00
7.231190348760001143e+02,2.649999999999999911e+00
7.241191840810000713e+02,2.660000000000000142e+00
7.251193300999999565e+02,2.669999999999999929e+00
7.261195087210001020e+02,2.049999999999999822e+00
7.271196737730000450e+02,3.410000000000000142e+00
7.281198299660001112e+02,2.859999999999999876e+00
7.291199789510000073e+02,2.799999999999999822e+00
7.301201229389998844e+02,2.669999999999999929e+00
7.311202723489999471e+02,2.660000000000000142e+00
7.321204219660000945e+02,2.660000000000000142e+00
7.331205655500000375e+02,2.660000000000000142e+00
7.341207131429999890e+02,2.140000000000000124e+00
7.351208699339999839e+02,3.189999999999999947e+00
7.361210265849999814e+02,2.890000000000000124e+00
7.371211781980000524e+02,2.910000000000000142e+00
7.381213233350000564e+02,2.660000000000000142e+00
7.391214682939998966e+02,2.669999999999999929e+00
7.401216143950000514e+02,2.660000000000000142e+00
7.411217638470000111e+02,2.660000000000000142e+00
7.421219153089999736e+02,2.439999999999999947e+00
7.431220705630000793e+02,2.770000000000000018e+00
7.441222260860000688e+02,3.109999999999999876e+00
7.451223780779999970e+02,2.810000000000000053e+00
7.461225240750000012e+02,2.669999999999999929e+00
7.471226689410000290e+02,2.660000000000000142e+00
7.481228256580000107e+02,2.660000000000000142e+00
7.491229702769999221e+02,2.669999999999999929e+00
7.501231161960000691e+02,2.680000000000000160e+00
7.511232390200000282e+02,2.390000000000000124e+00
7.521233832280000797e+02,3.390000000000000124e+00
7.531234756039999638e+02,2.669999999999999929e+00
7.541236311799999612e+02,2.669999999999999929e+00
7.551237825560000374e+02,2.669999999999999929e+00
7.561239393199999768e+02,2.660000000000000142e+00
7.571240807730000597e+02,2.660000000000000142e+00
7.581242308150000326e+02,2.669999999999999929e+00
7.591243904120000252e+02,2.270000000000000018e+00
7.601245553249999602e+02,3.390000000000000124e+00
7.611247101569999813e+02,2.620000000000000107e+00
7.621248595839999780e+02,2.740000000000000213e+00
7.631250161799999887e+02,2.669999999999999929e+00
7.641251674330000014e+02,2.660000000000000142e+00
7.651253177160000405e+02,2.660000000000000142e+00
7.661254694880000216e+02,2.669999999999999929e+00
7.671256268700000192e+02,2.069999999999999840e+00
7.681257923969999410e+02,3.319999999999999840e+00
7.691259446310000385e+02,2.859999999999999876e+00
7.701260913539999819e+02,2.879999999999999893e+00
7.711262412219999760e+02,2.669999999999999929e+00
7.721263873789999934e+02,2.660000000000000142e+00
7.731265339560001166e+02,2.660000000000000142e+00
7.741266806439999755e+02,2.669999999999999929e+00
7.751268273880000379e+02,2.310000000000000053e+00
7.761269808439999451e+02,2.939999999999999947e+00
7.771271361319999187e+02,3.049999999999999822e+00
7.781272871819999182e+02,2.819999999999999840e+00
7.791274361170000020e+02,2.669999999999999929e+00
7.801275821069999665e+02,2.669999999999999929e+00
7.811277342050000243e+02,2.660000000000000142e+00
7.821278819460001159e+02,2.669999999999999929e+00
7.831280407660000265e+02,2.629999999999999893e+00
7.841282017469999346e+02,2.500000000000000000e+00
7.851283575400000245e+02,3.270000000000000018e+00
7.861285301589999790e+02,2.709999999999999964e+00
7.871286755249999487e+02,2.669999999999999929e+00
7.881288215399999899e+02,2.669999999999999929e+00
7.891289692579999837e+02,2.660000000000000142e+00
7.901291153219999615e+02,2.660000000000000142e+00
7.911292599160000236e+02,2.669999999999999929e+00
7.921294159519999312e+02,2.330000000000000071e+00
7.931295753769999237e+02,3.390000000000000124e+00
7.941297293760001139e+02,2.740000000000000213e+00
7.951298858060000612e+02,2.669999999999999929e+00
7.961300344110001106e+02,2.669999999999999929e+00
7.971301821700000119e+02,2.649999999999999911e+00
7.981303349610000168e+02,2.660000000000000142e+00
7.991304842330000611e+02,2.669999999999999929e+00
8.001306362839999338e+02,2.189999999999999947e+00
8.011308095539999385e+02,3.399999999999999911e+00
8.021309676270000182e+02,2.870000000000000107e+00
8.031311179550000361e+02,2.660000000000000142e+00
8.041312373030000344e+02,2.669999999999999929e+00
8.051313832210000783e+02,2.660000000000000142e+00
8.061315299550000191e+02,2.660000000000000142e+00
8.071316825930000505e+02,2.669999999999999929e+00
8.081318326789998991e+02,2.040000000000000036e+00
8.091319914989999234e+02,3.410000000000000142e+00
8.101321439289999944e+02,2.660000000000000142e+00
8.111322820230000161e+02,2.759999999999999787e+00
8.121324278250000361e+02,2.669999999999999929e+00
8.131325807910000094e+02,2.669999999999999929e+00
8.141327328400000169e+02,2.660000000000000142e+00
8.151328765769999336e+02,2.660000000000000142e+00
8.161330291149999994e+02,2.660000000000000142e+00
8.171331905749999578e+02,2.310000000000000053e+00
8.181333502319999980e+02,3.390000000000000124e+00
8.191335025719999976e+02,2.740000000000000213e+00
8.201336555319999206e+02,2.669999999999999929e+00
8.211338012850000041e+02,2.660000000000000142e+00
8.221339455950000001e+02,2.660000000000000142e+00
8.231340952039998911e+02,2.660000000000000142e+00
8.241342373860001089e+02,2.660000000000000142e+00
8.251343925429999899e+02,2.169999999999999929e+00
8.261345550519999961e+02,3.399999999999999911e+00
8.271347084220000170e+02,2.870000000000000107e+00
8.281348539639999444e+02,2.680000000000000160e+00
8.291350048439999227e+02,2.669999999999999929e+00
8.301351497279999876e+02,2.660000000000000142e+00
8.311352982689999180e+02,2.649999999999999911e+00
8.321354479999999967e+02,2.669999999999999929e+00
8.331356032510000205e+02,2.020000000000000018e+00
8.341357629139998835e+02,3.419999999999999929e+00
8.351359141870000258e+02,2.870000000000000107e+00
8.361360611660001041e+02,2.830000000000000071e+00
8.371362147119999690e+02,2.669999999999999929e+00
8.381363618080000606e+02,2.660000000000000142e+00
8.391365077899999960e+02,2.660000000000000142e+00
8.401366547850000188e+02,2.669999999999999929e+00
8.411367960630000198e+02,2.180000000000000160e+00
8.421369574850000390e+02,3.129999999999999893e+00
8.431371117339999728e+02,2.919999999999999929e+00
8.441372646300000042e+02,2.879999999999999893e+00
8.451374106949999714e+02,2.669999999999999929e+00
8.461375603460001003e+02,2.669999999999999929e+00
8.471377203929999951e+02,2.660000000000000142e+00
8.481378678139999465e+02,2.669999999999999929e+00
8.491380199089999223e+02,2.500000000000000000e+00
8.501381812370000262e+02,2.669999999999999929e+00
8.511383422039999687e+02,3.169999999999999929e+00
8.521384951369999499e+02,2.790000000000000036e+00
8.531386397839999063e+02,2.669999999999999929e+00
8.541387887569999293e+02,2.649999999999999911e+00
8.551389353929999970e+02,2.660000000000000142e+00
8.561390815310001017e+02,2.660000000000000142e+00
8.571392325739999478e+02,2.669999999999999929e+00
8.581393828819999499e+02,2.379999999999999893e+00
8.591395411860000877e+02,3.379999999999999893e+00
8.601396896410000181e+02,2.589999999999999858e+00
8.611398450889998912e+02,2.660000000000000142e+00
8.621399895079999851e+02,2.669999999999999929e+00
8.631401349999999866e+02,2.660000000000000142e+00
8.641402801610000779e+02,2.660000000000000142e+00
8.651404273860000558e+02,2.669999999999999929e+00
8.661405761810000286e+02,2.060000000000000053e+00
8.671407348999999840e+02,3.419999999999999929e+00
8.681408881150000525e+02,2.870000000000000107e+00
8.691410365039998851e+02,2.770000000000000018e+00
8.701411816930000214e+02,2.669999999999999929e+00
8.711413249780000569e+02,2.660000000000000142e+00
8.721414738689999240e+02,2.660000000000000142e+00
8.731416204460000472e+02,2.669999999999999929e+00
8.741417676620000066e+02,2.109999999999999876e+00
8.751419267329999911e+02,3.250000000000000000e+00
8.761420447139998942e+02,2.859999999999999876e+00
8.771422058839999636e+02,2.899999999999999911e+00
8.781423541039999918e+02,2.669999999999999929e+00
8.791425057599999491e+02,2.649999999999999911e+00
8.801426541869999483e+02,2.660000000000000142e+00
8.811428064960000484e+02,2.669999999999999929e+00
8.821429595050000216e+02,2.390000000000000124e+00
8.831431202360000725e+02,2.839999999999999858e+00
8.841432814760000838e+02,3.109999999999999876e+00
8.851434303070000169e+02,2.790000000000000036e+00
8.861435754049999787e+02,2.669999999999999929e+00
8.871437204119999933e+02,2.669999999999999929e+00
8.881438643069999443e+02,2.649999999999999911e+00
8.891440118589999884e+02,2.669999999999999929e+00
8.901441627350000090e+02,2.649999999999999911e+00
8.911443367680000165e+02,2.430000000000000160e+00
8.921444912880000402e+02,3.350000000000000089e+00
8.931446427589999075e+02,2.680000000000000160e+00
8.941447932639999863e+02,2.669999999999999929e+00
8.951449397830000407e+02,2.660000000000000142e+00
8.961450870889999578e+02,2.660000000000000142e+00
8.971452401819999523e+02,2.660000000000000142e+00
8.981453877180000518e+02,2.669999999999999929e+00
8.991455403360000673e+02,2.290000000000000036e+00
9.001456896469999265e+02,3.390000000000000124e+00
9.011458408560000635e+02,2.770000000000000018e+00
9.021459948579999946e+02,2.660000000000000142e+00
9.031461460860000443e+02,2.660000000000000142e+00
9.041462923539999110e+02,2.660000000000000142e+00
9.051464388710001003e+02,2.660000000000000142e+00
9.061465826899999456e+02,2.660000000000000142e+00
9.071467442210000627e+02,2.149999999999999911e+00
9.081469022860001132e+02,3.399999999999999911e+00
9.091390921350000554e+02,2.490000000000000213e+00
