1.000107834999999890e+00,1.330000000000000071e+00
2.000289138000000300e+00,1.699999999999999956e+00
3.000441338999999541e+00,2.109999999999999876e+00
4.000589559999999878e+00,2.089999999999999858e+00
5.000743921000000647e+00,1.949999999999999956e+00
6.000889967000000880e+00,1.969999999999999973e+00
7.001043400000000361e+00,2.220000000000000195e+00
8.001193368999999223e+00,2.200000000000000178e+00
9.001342048999999790e+00,1.429999999999999938e+00
1.000149508099999984e+01,2.350000000000000089e+00
1.100165540999999969e+01,2.339999999999999858e+00
1.200180490400000011e+01,2.410000000000000142e+00
1.300195521299999868e+01,2.250000000000000000e+00
1.400210741099999900e+01,2.220000000000000195e+00
1.500222082700000037e+01,2.450000000000000178e+00
1.600237506400000242e+01,2.419999999999999929e+00
1.700252615999999861e+01,2.419999999999999929e+00
1.800268275499999859e+01,2.379999999999999893e+00
1.900283927799999972e+01,2.250000000000000000e+00
2.000298748099999813e+01,2.250000000000000000e+00
2.100315079800000007e+01,2.490000000000000213e+00
2.200331042699999884e+01,2.410000000000000142e+00
2.300346529800000184e+01,2.410000000000000142e+00
2.400361304300000143e+01,1.270000000000000018e+00
2.500376248999999973e+01,2.430000000000000160e+00
2.600391097900000048e+01,2.430000000000000160e+00
2.700406264300000103e+01,2.410000000000000142e+00
2.800422280400000119e+01,2.459999999999999964e+00
2.900438208699999976e+01,2.379999999999999893e+00
3.000449630499999998e+01,2.430000000000000160e+00
3.100460449300000221e+01,2.399999999999999911e+00
3.200476971999999876e+01,2.350000000000000089e+00
3.300492457900000431e+01,2.390000000000000124e+00
3.400508304599999576e+01,2.310000000000000053e+00
3.500523941400000183e+01,2.279999999999999805e+00
3.600539509699999741e+01,2.370000000000000107e+00
3.700550858999999804e+01,2.450000000000000178e+00
3.800565584000000285e+01,2.430000000000000160e+00
3.900580414599999557e+01,2.020000000000000018e+00
4.000595236899999918e+01,1.770000000000000018e+00
4.100611146900000392e+01,2.379999999999999893e+00
4.200626222300000023e+01,2.359999999999999876e+00
4.300641550100000643e+01,2.359999999999999876e+00
4.400657300000000305e+01,2.330000000000000071e+00
4.500672790499999820e+01,2.310000000000000053e+00
4.600687892799999901e+01,2.370000000000000107e+00
4.700703587100000647e+01,2.330000000000000071e+00
4.800719608399999316e+01,2.319999999999999840e+00
4.900735053800000429e+01,2.339999999999999858e+00
5.000750565999999964e+01,2.290000000000000036e+00
5.100766670200000164e+01,2.250000000000000000e+00
5.200782751100000212e+01,2.390000000000000124e+00
5.300798732500000199e+01,2.350000000000000089e+00
5.400813592100000449e+01,2.330000000000000071e+00
5.500828551200000049e+01,1.469999999999999973e+00
5.600843998999999940e+01,2.149999999999999911e+00
5.700859666199999509e+01,2.339999999999999858e+00
5.800875553399999518e+01,2.330000000000000071e+00
5.900891080699999947e+01,2.290000000000000036e+00
6.000906509300000380e+01,2.180000000000000160e+00
6.100921657600000714e+01,2.169999999999999929e+00
6.200938424199999588e+01,2.390000000000000124e+00
6.300953923100000509e+01,2.350000000000000089e+00
6.400969218199999489e+01,2.339999999999999858e+00
6.500985222199999214e+01,2.370000000000000107e+00
6.601000573499999291e+01,2.319999999999999840e+00
6.701015697799999771e+01,2.319999999999999840e+00
6.801027135100000010e+01,2.419999999999999929e+00
6.901042609900000002e+01,2.370000000000000107e+00
7.001057735499999524e+01,2.339999999999999858e+00
7.101073473900000010e+01,1.350000000000000089e+00
7.201088672999999574e+01,2.370000000000000107e+00
7.301104334999999423e+01,2.350000000000000089e+00
7.401115596200000368e+01,2.350000000000000089e+00
7.501131177499999581e+01,2.419999999999999929e+00
7.601147439499999336e+01,2.379999999999999893e+00
7.701163057800000900e+01,2.459999999999999964e+00
7.801178545800000563e+01,2.370000000000000107e+00
7.901193847999999775e+01,2.339999999999999858e+00
8.001209198499999786e+01,2.379999999999999893e+00
8.101224387999999976e+01,2.330000000000000071e+00
8.201240527999999586e+01,2.290000000000000036e+00
8.301251798699999540e+01,2.450000000000000178e+00
8.401267458600000282e+01,2.399999999999999911e+00
8.501282559899999569e+01,2.350000000000000089e+00
8.601297628399998985e+01,1.820000000000000062e+00
8.701312021200000402e+01,1.870000000000000107e+00
8.801327787900000033e+01,2.359999999999999876e+00
8.901343011899999169e+01,2.310000000000000053e+00
9.001358584599999801e+01,2.379999999999999893e+00
9.101373367499999745e+01,2.350000000000000089e+00
9.201388778799999102e+01,2.299999999999999822e+00
9.301405489799999771e+01,2.439999999999999947e+00
9.401420913600000517e+01,2.379999999999999893e+00
9.501436010399999077e+01,2.330000000000000071e+00
9.601451370600000246e+01,2.379999999999999893e+00
9.701466753200000426e+01,2.310000000000000053e+00
9.801482018299999766e+01,2.299999999999999822e+00
9.901497229600001049e+01,2.419999999999999929e+00
1.000151036020000106e+02,2.370000000000000107e+00
1.010152545600000025e+02,2.350000000000000089e+00
1.020154020909999986e+02,1.459999999999999964e+00
1.030155496620000122e+02,2.310000000000000053e+00
1.040157030579999855e+02,2.350000000000000089e+00
1.050158573179999877e+02,2.330000000000000071e+00
1.060160094320000042e+02,2.390000000000000124e+00
1.070161604089999940e+02,2.319999999999999840e+00
1.080163148740000025e+02,2.370000000000000107e+00
1.090164676189999966e+02,2.390000000000000124e+00
1.100166208859999983e+02,2.330000000000000071e+00
1.110167834770000042e+02,2.379999999999999893e+00
1.120169380509999968e+02,2.379999999999999893e+00
1.130170917370000012e+02,2.319999999999999840e+00
1.140172418690000029e+02,2.410000000000000142e+00
1.150173966870000015e+02,2.339999999999999858e+00
1.160175478029999994e+02,2.310000000000000053e+00
1.170176940160000072e+02,2.120000000000000107e+00
1.180178485389999992e+02,1.629999999999999893e+00
1.190180020159999970e+02,2.339999999999999858e+00
1.200181506299999938e+02,2.319999999999999840e+00
1.210183057460000100e+02,2.370000000000000107e+00
1.220184560689999955e+02,2.279999999999999805e+00
1.230186235449999970e+02,2.250000000000000000e+00
1.240187773899999968e+02,2.390000000000000124e+00
1.250189317820000099e+02,2.330000000000000071e+00
1.260190828779999919e+02,2.310000000000000053e+00
1.270191949929999993e+02,2.419999999999999929e+00
1.280193559439999831e+02,2.350000000000000089e+00
1.290195051970000009e+02,2.370000000000000107e+00
1.300196558359999983e+02,2.410000000000000142e+00
1.310198094609999941e+02,2.299999999999999822e+00
1.320199573379999833e+02,2.359999999999999876e+00
1.330201102190000029e+02,1.209999999999999964e+00
1.340202609399999858e+02,2.410000000000000142e+00
1.350204129729999920e+02,2.319999999999999840e+00
1.360205685579999795e+02,2.370000000000000107e+00
1.370207206020000115e+02,2.339999999999999858e+00
1.380208689239999842e+02,2.259999999999999787e+00
1.390210219789999826e+02,2.399999999999999911e+00
1.400211730389999900e+02,2.330000000000000071e+00
1.410213232190000099e+02,2.310000000000000053e+00
1.420214747459999955e+02,2.410000000000000142e+00
1.430216262160000156e+02,2.330000000000000071e+00
1.440217749180000055e+02,2.319999999999999840e+00
1.450219207929999925e+02,2.439999999999999947e+00
1.460220664470000145e+02,2.339999999999999858e+00
1.470222130129999982e+02,2.359999999999999876e+00
1.480223274589999960e+02,1.679999999999999938e+00
1.490224768620000191e+02,2.009999999999999787e+00
1.500226262489999840e+02,2.319999999999999840e+00
1.510227722079999921e+02,2.339999999999999858e+00
1.520228836610000087e+02,2.410000000000000142e+00
1.530230410350000056e+02,2.330000000000000071e+00
1.540232130089999885e+02,2.399999999999999911e+00
1.550233721829999922e+02,2.500000000000000000e+00
1.560235214779999922e+02,2.410000000000000142e+00
1.570236725359999923e+02,2.500000000000000000e+00
1.580238272779999988e+02,2.319999999999999840e+00
1.590239872260000027e+02,2.259999999999999787e+00
1.600241396760000043e+02,2.439999999999999947e+00
1.610242931470000087e+02,2.450000000000000178e+00
1.620244481670000027e+02,2.430000000000000160e+00
1.630245977220000100e+02,2.060000000000000053e+00
1.640247471970000106e+02,1.919999999999999929e+00
1.650249018359999980e+02,2.439999999999999947e+00
1.660250566830000025e+02,2.459999999999999964e+00
1.670252108729999918e+02,2.419999999999999929e+00
1.680253629310000179e+02,2.270000000000000018e+00
1.690255194970000048e+02,2.330000000000000071e+00
1.700256757500000049e+02,2.490000000000000213e+00
1.710258277050000117e+02,2.410000000000000142e+00
1.720259754290000274e+02,2.479999999999999982e+00
1.730261332659999880e+02,2.350000000000000089e+00
1.740262862799999937e+02,2.299999999999999822e+00
1.750264424320000103e+02,2.439999999999999947e+00
1.760266000559999782e+02,2.410000000000000142e+00
1.770267577590000201e+02,2.410000000000000142e+00
1.780269056390000060e+02,1.899999999999999911e+00
1.790270591609999826e+02,1.770000000000000018e+00
1.800272135950000063e+02,2.390000000000000124e+00
1.810273745040000222e+02,2.430000000000000160e+00
1.820275322870000139e+02,2.470000000000000195e+00
1.830276934569999980e+02,2.330000000000000071e+00
1.840278418590000058e+02,2.370000000000000107e+00
1.850280032340000105e+02,2.479999999999999982e+00
1.860281571090000057e+02,2.410000000000000142e+00
1.870283120850000103e+02,2.459999999999999964e+00
1.880284686749999992e+02,2.379999999999999893e+00
1.890286151390000100e+02,2.330000000000000071e+00
1.900287664999999890e+02,2.459999999999999964e+00
1.910289193359999729e+02,2.399999999999999911e+00
1.920290675259999773e+02,2.419999999999999929e+00
1.930292171909999865e+02,2.080000000000000071e+00
1.940293670949999978e+02,1.729999999999999982e+00
1.950295233770000038e+02,2.419999999999999929e+00
1.960296733890000098e+02,2.459999999999999964e+00
1.970298280300000044e+02,2.470000000000000195e+00
1.980299775240000031e+02,2.359999999999999876e+00
1.990301349240000093e+02,2.419999999999999929e+00
2.000302913369999942e+02,2.419999999999999929e+00
2.010304432750000103e+02,2.379999999999999893e+00
2.020305963009999743e+02,2.450000000000000178e+00
2.030307512619999954e+02,2.390000000000000124e+00
2.040309027200000003e+02,2.319999999999999840e+00
2.050310586159999957e+02,2.450000000000000178e+00
2.060312118049999981e+02,2.339999999999999858e+00
2.070313238229999797e+02,2.370000000000000107e+00
2.080314695449999931e+02,2.120000000000000107e+00
2.090316181320000055e+02,1.530000000000000027e+00
2.100317754129999912e+02,2.319999999999999840e+00
2.110319332279999855e+02,2.350000000000000089e+00
2.120320807120000097e+02,2.419999999999999929e+00
2.130322319790000165e+02,2.330000000000000071e+00
2.140323849140000050e+02,2.370000000000000107e+00
2.150325483690000112e+02,2.430000000000000160e+00
2.160327031550000072e+02,2.339999999999999858e+00
2.170328579920000038e+02,2.379999999999999893e+00
2.180330109870000115e+02,2.390000000000000124e+00
2.190331621969999958e+02,2.259999999999999787e+00
2.200333138170000211e+02,2.299999999999999822e+00
2.210334675359999892e+02,2.439999999999999947e+00
2.220336346320000018e+02,2.370000000000000107e+00
2.230337905030000059e+02,2.430000000000000160e+00
2.240339412009999762e+02,1.209999999999999964e+00
2.250340962500000046e+02,2.109999999999999876e+00
2.260342507770000111e+02,2.330000000000000071e+00
2.270344072729999993e+02,2.379999999999999893e+00
2.280345675720000145e+02,2.350000000000000089e+00
2.290347194800000068e+02,2.250000000000000000e+00
2.300348787720000132e+02,2.310000000000000053e+00
2.310350441270000204e+02,2.430000000000000160e+00
2.320352001940000264e+02,2.379999999999999893e+00
2.330353399859999968e+02,2.439999999999999947e+00
2.340354549850000012e+02,2.370000000000000107e+00
2.350356112000000053e+02,2.359999999999999876e+00
2.360357649540000011e+02,2.459999999999999964e+00
2.370359181879999824e+02,2.390000000000000124e+00
2.380360647259999780e+02,2.450000000000000178e+00
2.390362194200000090e+02,1.739999999999999991e+00
2.400363777080000034e+02,1.979999999999999982e+00
2.410365342820000194e+02,2.370000000000000107e+00
2.420366851929999825e+02,2.439999999999999947e+00
2.430368433390000291e+02,2.390000000000000124e+00
2.440369984409999802e+02,2.270000000000000018e+00
2.450371535749999907e+02,2.330000000000000071e+00
2.460430672359999846e+02,2.459999999999999964e+00
2.470432174520000217e+02,2.399999999999999911e+00
2.480433711879999805e+02,2.439999999999999947e+00
2.490435259490000135e+02,2.299999999999999822e+00
2.500436775340000111e+02,2.290000000000000036e+00
2.510438338069999986e+02,2.419999999999999929e+00
2.520439870129999917e+02,2.430000000000000160e+00
2.530441371179999805e+02,2.459999999999999964e+00
2.540442823559999965e+02,2.020000000000000018e+00
2.550444263340000077e+02,1.879999999999999893e+00
2.560445813729999713e+02,2.390000000000000124e+00
2.570447404330000154e+02,2.419999999999999929e+00
2.580448878400000012e+02,2.339999999999999858e+00
2.590450464140000122e+02,2.200000000000000178e+00
2.600452012669999817e+02,2.229999999999999982e+00
2.610453072429999679e+02,2.450000000000000178e+00
2.620454601750000165e+02,2.390000000000000124e+00
2.630456182500000182e+02,2.450000000000000178e+00
2.640457716000000232e+02,2.399999999999999911e+00
2.650459242000000017e+02,2.330000000000000071e+00
2.660460764540000014e+02,2.390000000000000124e+00
2.670462315400000080e+02,2.419999999999999929e+00
2.680463829419999797e+02,2.430000000000000160e+00
2.690465318750000279e+02,2.370000000000000107e+00
2.700466839420000156e+02,1.520000000000000018e+00
2.710468359770000006e+02,2.399999999999999911e+00
2.720469966340000383e+02,2.439999999999999947e+00
2.730471196280000186e+02,2.450000000000000178e+00
2.740472319859999857e+02,2.279999999999999805e+00
2.750473864179999737e+02,2.310000000000000053e+00
2.760475621639999986e+02,2.430000000000000160e+00
2.770477147770000101e+02,2.410000000000000142e+00
2.780478663449999885e+02,2.450000000000000178e+00
2.790480172740000171e+02,2.430000000000000160e+00
2.800481800009999915e+02,2.310000000000000053e+00
2.810483266690000050e+02,2.350000000000000089e+00
2.820484786009999993e+02,2.419999999999999929e+00
2.830486246599999731e+02,2.410000000000000142e+00
2.840487696409999785e+02,2.419999999999999929e+00
2.850489202520000163e+02,1.290000000000000036e+00
2.860490698170000314e+02,2.430000000000000160e+00
2.870492265199999906e+02,2.430000000000000160e+00
2.880493734099999870e+02,2.459999999999999964e+00
2.890495232240000405e+02,2.359999999999999876e+00
2.900496757159999675e+02,2.359999999999999876e+00
2.910498242670000195e+02,2.450000000000000178e+00
2.920499786369999811e+02,2.419999999999999929e+00
2.930501342359999626e+02,2.470000000000000195e+00
2.940502480779999814e+02,2.479999999999999982e+00
2.950503901129999917e+02,2.350000000000000089e+00
2.960505423000000178e+02,2.390000000000000124e+00
2.970506924890000278e+02,2.459999999999999964e+00
2.980508503450000148e+02,2.410000000000000142e+00
2.990510046950000174e+02,2.450000000000000178e+00
3.000511600789999989e+02,1.560000000000000053e+00
3.010513096849999783e+02,2.279999999999999805e+00
3.020514664680000010e+02,2.390000000000000124e+00
3.030516172640000150e+02,2.430000000000000160e+00
3.040517733180000164e+02,2.419999999999999929e+00
3.050519261919999963e+02,2.350000000000000089e+00
3.060520795059999841e+02,2.450000000000000178e+00
3.070522484840000175e+02,2.379999999999999893e+00
3.080524033049999844e+02,2.410000000000000142e+00
3.090525604580000163e+02,2.459999999999999964e+00
3.100527201890000129e+02,2.299999999999999822e+00
3.110528722959999754e+02,2.319999999999999840e+00
3.120530282040000429e+02,2.410000000000000142e+00
3.130531823459999714e+02,2.339999999999999858e+00
3.140533382219999794e+02,2.370000000000000107e+00
3.150534850600000141e+02,1.959999999999999964e+00
3.160536412509999877e+02,1.629999999999999893e+00
3.170538004680000199e+02,2.390000000000000124e+00
3.180539615810000100e+02,2.430000000000000160e+00
3.190541154969999980e+02,2.439999999999999947e+00
3.200542684129999884e+02,2.270000000000000018e+00
3.210544198779999761e+02,2.299999999999999822e+00
3.220545803509999701e+02,2.430000000000000160e+00
3.230547361069999965e+02,2.390000000000000124e+00
3.240548960899999997e+02,2.430000000000000160e+00
3.250550487739999994e+02,2.439999999999999947e+00
3.260552018760000124e+02,2.330000000000000071e+00
3.270553538500000172e+02,2.370000000000000107e+00
3.280555048350000220e+02,2.470000000000000195e+00
3.290556629209999642e+02,2.390000000000000124e+00
3.300558158890000300e+02,2.450000000000000178e+00
3.310559622590000117e+02,1.399999999999999911e+00
3.320561115770000242e+02,2.459999999999999964e+00
3.330562689939999927e+02,2.399999999999999911e+00
3.340564272350000010e+02,2.479999999999999982e+00
3.350565767200000096e+02,2.370000000000000107e+00
3.360567263799999864e+02,2.319999999999999840e+00
3.370569002350000005e+02,2.450000000000000178e+00
3.380570552979999661e+02,2.410000000000000142e+00
3.390572101590000216e+02,2.430000000000000160e+00
3.400573647190000202e+02,2.419999999999999929e+00
3.410575221379999675e+02,2.220000000000000195e+00
3.420576746550000280e+02,2.220000000000000195e+00
3.430578290409999909e+02,2.379999999999999893e+00
3.440579787990000113e+02,2.330000000000000071e+00
3.450581376869999417e+02,2.370000000000000107e+00
3.460582937899999934e+02,1.709999999999999964e+00
3.470584487500000250e+02,1.979999999999999982e+00
3.480586029350000103e+02,2.339999999999999858e+00
3.490587537959999622e+02,2.379999999999999893e+00
3.500589091009999834e+02,2.390000000000000124e+00
3.510590631940000321e+02,2.259999999999999787e+00
3.520592220819999625e+02,2.310000000000000053e+00
3.530593786380000552e+02,2.410000000000000142e+00
3.540595357249999893e+02,2.319999999999999840e+00
3.550596910309999998e+02,2.370000000000000107e+00
3.560598423800000205e+02,2.379999999999999893e+00
3.570599967800000059e+02,2.290000000000000036e+00
3.580601487159999579e+02,2.390000000000000124e+00
3.590603049169999963e+02,2.439999999999999947e+00
3.600604603719999659e+02,2.370000000000000107e+00
3.610606069980000257e+02,2.350000000000000089e+00
3.620607574569999656e+02,1.389999999999999902e+00
3.630609087990000035e+02,2.359999999999999876e+00
3.640610675109999761e+02,2.319999999999999840e+00
3.650612181859999623e+02,2.410000000000000142e+00
3.660613700630000267e+02,2.399999999999999911e+00
3.670615204000000062e+02,2.350000000000000089e+00
3.680616903290000437e+02,2.470000000000000195e+00
3.690618479059999686e+02,2.410000000000000142e+00
3.700620008809999604e+02,2.399999999999999911e+00
3.710621545030000448e+02,2.439999999999999947e+00
3.720623084369999560e+02,2.310000000000000053e+00
3.730624661680000145e+02,2.330000000000000071e+00
3.740626198209999984e+02,2.459999999999999964e+00
3.750627734540000233e+02,2.390000000000000124e+00
3.760629313469999602e+02,2.419999999999999929e+00
3.770630583899999806e+02,1.320000000000000062e+00
3.780632101009999815e+02,2.390000000000000124e+00
3.790633642750000263e+02,2.330000000000000071e+00
3.800635151359999782e+02,2.379999999999999893e+00
3.810636607619999836e+02,2.330000000000000071e+00
3.820638236369999845e+02,2.229999999999999982e+00
3.830639741350000236e+02,2.319999999999999840e+00
3.840641275630000564e+02,2.399999999999999911e+00
3.850642807649999781e+02,2.330000000000000071e+00
3.860644373140000312e+02,2.419999999999999929e+00
3.870645959519999906e+02,2.350000000000000089e+00
3.880647520230000396e+02,2.299999999999999822e+00
3.890649017119999939e+02,2.430000000000000160e+00
3.900650570949999860e+02,2.430000000000000160e+00
3.910652146350000180e+02,2.410000000000000142e+00
3.920653662299999951e+02,1.969999999999999973e+00
3.930655117489999952e+02,1.770000000000000018e+00
3.940656699509999612e+02,2.430000000000000160e+00
3.950658255780000445e+02,2.419999999999999929e+00
3.960659847640000066e+02,2.470000000000000195e+00
3.970661395780000475e+02,2.370000000000000107e+00
3.980663019450000206e+02,2.399999999999999911e+00
3.990664561250000020e+02,2.490000000000000213e+00
4.000666135740000300e+02,2.419999999999999929e+00
4.010667668219999769e+02,2.479999999999999982e+00
4.020669181150000213e+02,2.350000000000000089e+00
4.030670736030000398e+02,2.259999999999999787e+00
4.040672245140000314e+02,2.370000000000000107e+00
4.050673761459999582e+02,2.439999999999999947e+00
4.060675367269999469e+02,2.399999999999999911e+00
4.070676841250000280e+02,2.209999999999999964e+00
4.080678334099999915e+02,1.699999999999999956e+00
4.090679855899999779e+02,2.339999999999999858e+00
4.100681393159999857e+02,2.330000000000000071e+00
4.110682922600000211e+02,2.399999999999999911e+00
4.120684462099999905e+02,2.310000000000000053e+00
4.130685935259999724e+02,2.319999999999999840e+00
4.140687455830000090e+02,2.439999999999999947e+00
4.150688917759999867e+02,2.379999999999999893e+00
4.160690420610000047e+02,2.399999999999999911e+00
4.170691904600000157e+02,2.379999999999999893e+00
4.180693531509999730e+02,2.279999999999999805e+00
4.190695077999999967e+02,2.419999999999999929e+00
4.200696631100000218e+02,2.390000000000000124e+00
4.210698152990000267e+02,2.379999999999999893e+00
4.220699660909999693e+02,2.029999999999999805e+00
4.230701066519999927e+02,1.679999999999999938e+00
4.240702687460000107e+02,2.370000000000000107e+00
4.250704242159999922e+02,2.390000000000000124e+00
4.260705810480000082e+02,2.430000000000000160e+00
4.270707327480000117e+02,2.319999999999999840e+00
4.280708862769999428e+02,2.330000000000000071e+00
4.290710569089999922e+02,2.439999999999999947e+00
4.300711840469999743e+02,2.350000000000000089e+00
4.310713277599999742e+02,2.399999999999999911e+00
4.311090035980000152e+02,8.999999999999999667e-02
